prior_id,node_id,surface_type,x_m,y_m,z_m,normal_x,normal_y,normal_z,tangent1_x,tangent1_y,tangent1_z,tangent2_x,tangent2_y,tangent2_z,weight_m2,unknowns_per_node,unknown_vector,include_initial,note
level1_local_sphere_r0p35,0,sphere,0.05038641912895658,0.0,4.346354166666667,0.14396119751130454,0.0,0.9895833333333334,0.0,-1.0,0.0,0.9895833333333334,0.0,-0.14396119751130454,0.0160352125026979,4,"J_t1,J_t2,M_t1,M_t2",True,"Closed local Huygens sphere around the Level 1 known source center at (0, 0, 4 m)."
level1_local_sphere_r0p35,1,sphere,-0.06401373155342617,0.05864182181989138,4.3390625,-0.18289637586693194,0.16754806234254682,0.96875,0.0,-0.9853710452154848,0.17042271929218536,0.9831321964490544,0.031169697723928167,0.1802207930541229,0.0160352125026979,4,"J_t1,J_t2,M_t1,M_t2",True,"Closed local Huygens sphere around the Level 1 known source center at (0, 0, 4 m)."
level1_local_sphere_r0p35,2,sphere,0.009746346737236669,-0.11105459411741198,4.331770833333334,0.027846704963533343,-0.3172988403354628,0.9479166666666666,0.0,-0.9482844063155303,-0.3174219348734459,0.9996122053189797,0.008839154969374746,-0.026406596084187953,0.0160352125026979,4,"J_t1,J_t2,M_t1,M_t2",True,"Closed local Huygens sphere around the Level 1 known source center at (0, 0, 4 m)."
level1_local_sphere_r0p35,3,sphere,0.07982678529858402,0.10411990562903577,4.324479166666666,0.22807652942452578,0.2974854446543879,0.9270833333333334,0.0,-0.952179736476347,0.3055384582075297,0.9736432081238299,-0.06968615115369388,-0.21716984968388475,0.0160352125026979,4,"J_t1,J_t2,M_t1,M_t2",True,"Closed local Huygens sphere around the Level 1 known source center at (0, 0, 4 m)."
level1_local_sphere_r0p35,4,sphere,-0.14569796850853017,-0.02577191914152583,4.3171875,-0.416279910024372,-0.07363405469007381,0.90625,0.0,-0.9967153618193356,-0.08098448933808736,0.9092365129657414,-0.033712215935028725,0.41491258113806245,0.0160352125026979,4,"J_t1,J_t2,M_t1,M_t2",True,"Closed local Huygens sphere around the Level 1 known source center at (0, 0, 4 m)."
level1_local_sphere_r0p35,5,sphere,0.13726156698082045,-0.08731457331172517,4.309895833333333,0.39217590565948707,-0.2494702094620719,0.8854166666666666,0.5367280526263227,0.8437552948123972,-0.0,-0.7470750006151434,0.47522796326288996,0.4647981566108981,0.0160352125026979,4,"J_t1,J_t2,M_t1,M_t2",True,"Closed local Huygens sphere around the Level 1 known source center at (0, 0, 4 m)."
level1_local_sphere_r0p35,6,sphere,-0.04565694965322097,0.16984157696022334,4.302604166666667,-0.13044842758063135,0.485261648457781,0.8645833333333334,-0.9657150743757783,-0.25960430490148856,0.0,0.224449555279412,-0.8349411580540583,0.5024894622996807,0.0160352125026979,4,"J_t1,J_t2,M_t1,M_t2",True,"Closed local Huygens sphere around the Level 1 known source center at (0, 0, 4 m)."
level1_local_sphere_r0p35,7,sphere,-0.08658494816796594,-0.16671404888161237,4.2953125,-0.24738556619418842,-0.47632585394746396,0.84375,0.8874484292452546,-0.4609070247133692,0.0,0.3888903021019053,0.7487846121756836,0.5367363761661771,0.0160352125026979,4,"J_t1,J_t2,M_t1,M_t2",True,"Closed local Huygens sphere around the Level 1 known source center at (0, 0, 4 m)."
level1_local_sphere_r0p35,8,sphere,0.18679036258651985,0.06821554083028791,4.288020833333333,0.5336867502471996,0.19490154522939407,0.8229166666666666,-0.343038630874102,0.9393212963241181,0.0,-0.7729831501000555,-0.2822922066568131,0.5681620893039436,0.0160352125026979,4,"J_t1,J_t2,M_t1,M_t2",True,"Closed local Huygens sphere around the Level 1 known source center at (0, 0, 4 m)."
level1_local_sphere_r0p35,9,sphere,-0.19321063195724278,0.07975454019252919,4.280729166666666,-0.5520303770206937,0.2278701148357977,0.8020833333333334,-0.38155640847493627,-0.9243455561378049,0.0,0.7414021648188643,-0.3060400359642718,0.5972121284676735,0.0160352125026979,4,"J_t1,J_t2,M_t1,M_t2",True,"Closed local Huygens sphere around the Level 1 known source center at (0, 0, 4 m)."
level1_local_sphere_r0p35,10,sphere,0.09260034350215625,-0.19788155542402797,4.2734375,0.2645724100061607,-0.5653758726400799,0.78125,0.9057342725556135,0.42384599504791065,-0.0,-0.3311296836311802,0.7076049004340731,0.624218261107443,0.0160352125026979,4,"J_t1,J_t2,M_t1,M_t2",True,"Closed local Huygens sphere around the Level 1 known source center at (0, 0, 4 m)."
level1_local_sphere_r0p35,11,sphere,0.06802795011908598,0.2168838246663423,4.266145833333333,0.1943655717688171,0.6196680704752637,0.7604166666666666,-0.954164120307897,0.2992838644448729,0.0,-0.22758043858828877,-0.7255622998174633,0.6494355187819308,0.0160352125026979,4,"J_t1,J_t2,M_t1,M_t2",True,"Closed local Huygens sphere around the Level 1 known source center at (0, 0, 4 m)."
level1_local_sphere_r0p35,12,sphere,-0.2038201837493183,-0.11811796262931264,4.258854166666667,-0.5823433821409094,-0.33747989322660754,0.7395833333333333,0.5014075812324265,-0.86521120975323,0.0,0.6398957905466596,0.370832690286482,0.6730649991312545,0.0160352125026979,4,"J_t1,J_t2,M_t1,M_t2",True,"Closed local Huygens sphere around the Level 1 known source center at (0, 0, 4 m)."
level1_local_sphere_r0p35,13,sphere,0.23766820201570246,-0.05225068750144099,4.2515625,0.6790520057591499,-0.1492876785755457,0.71875,0.21471942904125782,0.9766757736281761,-0.0,-0.7019857122952516,0.15432958962340407,0.6952686081652184,0.0160352125026979,4,"J_t1,J_t2,M_t1,M_t2",True,"Closed local Huygens sphere around the Level 1 known source center at (0, 0, 4 m)."
level1_local_sphere_r0p35,14,sphere,-0.14416346207188133,0.20505768989747278,4.244270833333333,-0.41189560591966096,0.5858791139927794,0.6979166666666667,-0.8180624302199665,-0.5751294291397393,0.0,0.40139241408710974,-0.5709394044243516,0.7161789765057955,0.0160352125026979,4,"J_t1,J_t2,M_t1,M_t2",True,"Closed local Huygens sphere around the Level 1 known source center at (0, 0, 4 m)."
level1_local_sphere_r0p35,15,sphere,-0.033100141547744204,-0.2554315078362329,4.236979166666667,-0.09457183299355487,-0.7298043081035227,0.6770833333333333,0.9917081236973845,-0.12851068979899324,0.0,0.08701244621806833,0.6714690420867707,0.7359063525491694,0.0160352125026979,4,"J_t1,J_t2,M_t1,M_t2",True,"Closed local Huygens sphere around the Level 1 known source center at (0, 0, 4 m)."
level1_local_sphere_r0p35,16,sphere,0.20193633307824405,0.17019215530294712,4.2296875,0.5769609516521259,0.48626330086556324,0.65625,-0.6444469828838243,0.764648995456043,0.0,-0.5018009032680284,-0.42291833251750977,0.7545435292281023,0.0160352125026979,4,"J_t1,J_t2,M_t1,M_t2",True,"Closed local Huygens sphere around the Level 1 known source center at (0, 0, 4 m)."
level1_local_sphere_r0p35,17,sphere,-0.27002852069467365,0.011166527097464345,4.222395833333334,-0.771510059127639,0.031904363135612415,0.6354166666666667,-0.04131782619737533,-0.9991460540072825,0.0,0.6348740551504608,-0.026254035396248914,0.7721694501352809,0.0160352125026979,4,"J_t1,J_t2,M_t1,M_t2",True,"Closed local Huygens sphere around the Level 1 known source center at (0, 0, 4 m)."
level1_local_sphere_r0p35,18,sphere,0.19570650157082595,-0.19475410836628637,4.215104166666666,0.5591614330595027,-0.5564403096179611,0.6145833333333333,0.7053799411794167,0.7088294143034152,-0.0,-0.4356347442073072,0.43351475551651647,0.7888519039647994,0.0160352125026979,4,"J_t1,J_t2,M_t1,M_t2",True,"Closed local Huygens sphere around the Level 1 known source center at (0, 0, 4 m)."
level1_local_sphere_r0p35,19,sphere,-0.01300877456006709,0.28132674353533355,4.2078125,-0.037167927314477406,0.8037906958152388,0.59375,-0.998932605495455,-0.046191445940363306,0.0,0.027426171027090714,-0.5931162345129264,0.8046495743489833,0.0160352125026979,4,"J_t1,J_t2,M_t1,M_t2",True,"Closed local Huygens sphere around the Level 1 known source center at (0, 0, 4 m)."
level1_local_sphere_r0p35,20,sphere,-0.1837968805377429,-0.22025008990667905,4.200520833333333,-0.5251339443935512,-0.6292859711619402,0.5729166666666667,0.7677836880006591,-0.6407091449636929,0.0,0.3670729476354491,0.43987607125037764,0.8196136242495945,0.0160352125026979,4,"J_t1,J_t2,M_t1,M_t2",True,"Closed local Huygens sphere around the Level 1 known source center at (0, 0, 4 m)."
level1_local_sphere_r0p35,21,sphere,0.2892199495787451,0.03891413515644011,4.193229166666667,0.8263427130821289,0.11118324330411461,0.5520833333333333,-0.13334698776030163,0.9910694127331616,0.0,-0.547152904946433,-0.07361864949266653,0.8337889379546575,0.0160352125026979,4,"J_t1,J_t2,M_t1,M_t2",True,"Closed local Huygens sphere around the Level 1 known source center at (0, 0, 4 m)."
level1_local_sphere_r0p35,22,sphere,-0.24340525431961746,0.16935503613223998,4.1859375,-0.6954435837703357,0.48387153180639997,0.53125,-0.5711318504807802,-0.820858336965886,0.0,0.4360809915131269,-0.3034137955679145,0.8472151069828724,0.0160352125026979,4,"J_t1,J_t2,M_t1,M_t2",True,"Closed local Huygens sphere around the Level 1 known source center at (0, 0, 4 m)."
level1_local_sphere_r0p35,23,sphere,0.0660583014144804,-0.29363577276427427,4.178645833333333,0.1887380040413726,-0.8389593507550694,0.5104166666666667,0.9756166914079183,0.21948136924638192,-0.0,-0.11202694888617412,0.4979710195727917,0.8599272215652257,0.0160352125026979,4,"J_t1,J_t2,M_t1,M_t2",True,"Closed local Huygens sphere around the Level 1 known source center at (0, 0, 4 m)."
level1_local_sphere_r0p35,24,sphere,0.1517320356388523,0.2647926338228884,4.171354166666666,0.4335201018252923,0.7565503823511098,0.48958333333333337,-0.8676469198750972,0.49718087496529517,0.0,-0.24341147003509245,-0.42478547118884974,0.8719565125178103,0.0160352125026979,4,"J_t1,J_t2,M_t1,M_t2",True,"Closed local Huygens sphere around the Level 1 known source center at (0, 0, 4 m)."
level1_local_sphere_r0p35,25,sphere,-0.2945400310937079,-0.09396630341280628,4.1640625,-0.8415429459820226,-0.26847515260801796,0.46875,0.3039349803449032,-0.9526927771966907,0.0,0.4465747393109488,0.1424695220366734,0.8833308765689106,0.0160352125026979,4,"J_t1,J_t2,M_t1,M_t2",True,"Closed local Huygens sphere around the Level 1 known source center at (0, 0, 4 m)."
level1_local_sphere_r0p35,26,sphere,0.28407177367039477,-0.13124836463639547,4.156770833333333,0.8116336390582708,-0.3749953275325585,0.44791666666666663,0.4194225289437415,0.9077911335843925,-0.0,-0.4066147785846758,0.18786634108938421,0.8940753098717257,0.0160352125026979,4,"J_t1,J_t2,M_t1,M_t2",True,"Closed local Huygens sphere around the Level 1 known source center at (0, 0, 4 m)."
level1_local_sphere_r0p35,27,sphere,-0.1221784084131341,0.29193906085050053,4.149479166666667,-0.3490811668946689,0.8341116024300016,0.42708333333333337,-0.922473219560941,-0.3860610822044512,0.0,0.16488025385815105,-0.39397293752081863,0.9042122684352878,0.0160352125026979,4,"J_t1,J_t2,M_t1,M_t2",True,"Closed local Huygens sphere around the Level 1 known source center at (0, 0, 4 m)."
level1_local_sphere_r0p35,28,sphere,-0.10824268755472712,-0.300942246011888,4.1421875,-0.3092648215849346,-0.8598349886053943,0.40625,0.9409835569861543,-0.3384522794747951,0.0,0.1374962385366355,0.3822745700256252,0.9137619698258403,0.0160352125026979,4,"J_t1,J_t2,M_t1,M_t2",True,"Closed local Huygens sphere around the Level 1 known source center at (0, 0, 4 m)."
level1_local_sphere_r0p35,29,sphere,0.28588071567578577,0.15025089202399458,4.134895833333333,0.8168020447879594,0.4292882629256988,0.38541666666666663,-0.4652307598491038,0.885189437403218,0.0,-0.3411667623324902,-0.17930768869184208,0.9227426472508766,0.0160352125026979,4,"J_t1,J_t2,M_t1,M_t2",True,"Closed local Huygens sphere around the Level 1 known source center at (0, 0, 4 m)."
level1_local_sphere_r0p35,30,sphere,-0.3151449697235152,0.08307120263527083,4.127604166666667,-0.9004141992100434,0.23734629324363096,0.36458333333333337,-0.25489019011123243,-0.9669700052147739,0.0,0.35254114773455303,-0.09292871514472016,0.9311707647126576,0.0160352125026979,4,"J_t1,J_t2,M_t1,M_t2",True,"Closed local Huygens sphere around the Level 1 known source center at (0, 0, 4 m)."
level1_local_sphere_r0p35,31,sphere,0.17775790747128842,-0.2764543880555685,4.1203125,0.5078797356322526,-0.7898696801587672,0.34375,0.8411269468800827,0.5408377383579945,-0.0,-0.1859129725605606,0.2891373879900284,0.9390612000822951,0.0160352125026979,4,"J_t1,J_t2,M_t1,M_t2",True,"Closed local Huygens sphere around the Level 1 known source center at (0, 0, 4 m)."
level1_local_sphere_r0p35,32,sphere,0.056105787789068655,0.32646352293817893,4.113020833333334,0.16030225082591046,0.9327529226805114,0.32291666666666663,-0.9855514761735881,0.16937617250387174,0.0,-0.054694389037708575,-0.3182509975143878,0.946427401541655,0.0160352125026979,4,"J_t1,J_t2,M_t1,M_t2",True,"Closed local Huygens sphere around the Level 1 known source center at (0, 0, 4 m)."
level1_local_sphere_r0p35,33,sphere,-0.26379026217086055,-0.20429400603003717,4.105729166666666,-0.7536864633453159,-0.5836971600858205,0.30208333333333337,0.6123030256690213,-0.7906231749427548,0.0,0.23883408409729057,0.18496653900418356,0.9532815217564129,0.0160352125026979,4,"J_t1,J_t2,M_t1,M_t2",True,"Closed local Huygens sphere around the Level 1 known source center at (0, 0, 4 m)."
level1_local_sphere_r0p35,34,sphere,0.33472531001660505,-0.02773130772317839,4.0984375,0.9563580286188716,-0.07923230778050969,0.28125,0.0825650860105326,0.996585674476647,-0.0,-0.28028972094655696,0.023221430440462293,0.9596345332990055,0.0160352125026979,4,"J_t1,J_t2,M_t1,M_t2",True,"Closed local Huygens sphere around the Level 1 known source center at (0, 0, 4 m)."
level1_local_sphere_r0p35,35,sphere,-0.22947701543922297,0.24805792962749412,4.091145833333333,-0.6556486155406371,0.7087369417928404,0.26041666666666663,-0.7340648753490743,-0.6790793464527897,0.0,0.176843579805414,-0.19116272795548808,0.9654963281764578,0.0160352125026979,4,"J_t1,J_t2,M_t1,M_t2",True,"Closed local Huygens sphere around the Level 1 known source center at (0, 0, 4 m)."
level1_local_sphere_r0p35,36,sphere,0.0016576704417630768,-0.3398024880152371,4.083854166666667,0.00473620126218022,-0.9708642514721061,0.23958333333333337,0.9999881011351669,0.004878277163445082,-0.0,-0.0011687539037420513,0.23958048256363376,0.9708758037920653,0.0160352125026979,4,"J_t1,J_t2,M_t1,M_t2",True,"Closed local Huygens sphere around the Level 1 known source center at (0, 0, 4 m)."
level1_local_sphere_r0p35,37,sphere,0.22946445827056236,0.2529510742897672,4.0765625,0.6556127379158925,0.7227173551136206,0.21875,-0.7406553331023336,0.67188516693485,0.0,-0.14697488026699848,-0.1620183541161355,0.9757809372497498,0.0160352125026979,4,"J_t1,J_t2,M_t1,M_t2",True,"Closed local Huygens sphere around the Level 1 known source center at (0, 0, 4 m)."
level1_local_sphere_r0p35,38,sphere,-0.3416125868071022,-0.0316605777626623,4.069270833333333,-0.9760359623060064,-0.09045879360760656,0.19791666666666663,0.09228428288961917,-0.9957327006438771,0.0,0.19707209700243392,0.01826459765523712,0.9802188495716431,0.0160352125026979,4,"J_t1,J_t2,M_t1,M_t2",True,"Closed local Huygens sphere around the Level 1 known source center at (0, 0, 4 m)."
level1_local_sphere_r0p35,39,sphere,0.27438967699673683,-0.2082519821200557,4.061979166666666,0.7839705057049624,-0.5950056632001591,0.17708333333333337,0.6045602168251718,0.7965594417444949,-0.0,-0.14105740114225435,0.1070575383961242,0.9841958611249875,0.0160352125026979,4,"J_t1,J_t2,M_t1,M_t2",True,"Closed local Huygens sphere around the Level 1 known source center at (0, 0, 4 m)."
level1_local_sphere_r0p35,40,sphere,-0.06187482850483642,0.34011877769574417,4.0546875,-0.17678522429953264,0.9717679362735548,0.15625,-0.9838520605119462,-0.17898358311978707,0.0,0.02796618486246673,-0.1537268844549916,0.9877175393299443,0.0160352125026979,4,"J_t1,J_t2,M_t1,M_t2",True,"Closed local Huygens sphere around the Level 1 known source center at (0, 0, 4 m)."
level1_local_sphere_r0p35,41,sphere,-0.18469486879693575,-0.29349862081911315,4.047395833333334,-0.5276996251341022,-0.8385674880546091,0.13541666666666663,0.846363563284305,-0.5326055939855441,0.0,0.07212367418554243,0.11461173252808295,0.9907887395347653,0.0160352125026979,4,"J_t1,J_t2,M_t1,M_t2",True,"Closed local Huygens sphere around the Level 1 known source center at (0, 0, 4 m)."
level1_local_sphere_r0p35,42,sphere,0.33532976090748934,0.09189998512349322,4.040104166666667,0.9580850311642553,0.2625713860671235,0.11458333333333337,-0.26431224169867645,0.964437161710508,0.0,-0.11050842477932907,-0.03028577769464002,0.993413639790708,0.0160352125026979,4,"J_t1,J_t2,M_t1,M_t2",True,"Closed local Huygens sphere around the Level 1 known source center at (0, 0, 4 m)."
level1_local_sphere_r0p35,43,sphere,-0.31001877159529423,0.15909651505389666,4.0328125,-0.8857679188436979,0.4545614715825619,0.09375,-0.45657232103685913,-0.8896863018294793,0.0,0.08340809079651369,-0.04280365509720555,0.9955957701296245,0.0160352125026979,4,"J_t1,J_t2,M_t1,M_t2",True,"Closed local Huygens sphere around the Level 1 known source center at (0, 0, 4 m)."
level1_local_sphere_r0p35,44,sphere,0.12134201644829357,-0.3272992546741197,4.025520833333333,0.34669147556655305,-0.9351407276403421,0.07291666666666663,0.9376366819478044,0.3476168187327996,-0.0,-0.025347059699266625,0.06836934139202737,0.997338036837171,0.0160352125026979,4,"J_t1,J_t2,M_t1,M_t2",True,"Closed local Huygens sphere around the Level 1 known source center at (0, 0, 4 m)."
level1_local_sphere_r0p35,45,sphere,0.13178581865929823,0.3237285830490373,4.018229166666667,0.3765309104551378,0.9249388087115351,0.05208333333333337,-0.9261958953890052,0.37704265456916003,0.0,-0.019637638258810437,-0.04823936955151072,0.998642742119968,0.0160352125026979,4,"J_t1,J_t2,M_t1,M_t2",True,"Closed local Huygens sphere around the Level 1 known source center at (0, 0, 4 m)."
level1_local_sphere_r0p35,46,sphere,-0.3161250788917144,-0.1498175743678203,4.0109375,-0.9032145111191839,-0.4280502124794866,0.03125,0.42825937457966956,-0.9036558571074668,0.0,0.028239245534608336,0.013383105455614674,0.9995115994824673,0.0160352125026979,4,"J_t1,J_t2,M_t1,M_t2",True,"Closed local Huygens sphere around the Level 1 known source center at (0, 0, 4 m)."
level1_local_sphere_r0p35,47,sphere,0.3344463184169463,-0.10311337448001649,4.003645833333334,0.9555609097627037,-0.2946096413714757,0.01041666666666663,0.29462562626833627,0.955612756479313,-0.0,-0.009954299546659474,0.0030690169402951585,0.9999457450559783,0.0160352125026979,4,"J_t1,J_t2,M_t1,M_t2",True,"Closed local Huygens sphere around the Level 1 known source center at (0, 0, 4 m)."
level1_local_sphere_r0p35,48,sphere,-0.17695822291871952,0.3019478352973479,3.9963541666666664,-0.5055949226249129,0.8627081008495655,-0.01041666666666674,-0.8627549095688885,-0.505622355137487,0.0,-0.005266899532682194,0.008987030308009318,0.9999457450559783,0.0160352125026979,4,"J_t1,J_t2,M_t1,M_t2",True,"Closed local Huygens sphere around the Level 1 known source center at (0, 0, 4 m)."
level1_local_sphere_r0p35,49,sphere,-0.07344744335272847,-0.34203193441358326,3.9890625,-0.2098498381506528,-0.9772340983245237,-0.03125,0.9777116131823997,-0.20995237900121422,0.0,-0.006561011843787944,-0.030553487911949992,0.9995115994824673,0.0160352125026979,4,"J_t1,J_t2,M_t1,M_t2",True,"Closed local Huygens sphere around the Level 1 known source center at (0, 0, 4 m)."
level1_local_sphere_r0p35,50,sphere,0.2849491942343586,0.20241456021696824,3.9817708333333335,0.8141405549553103,0.5783273149056236,-0.05208333333333326,-0.5791133210240149,0.8152470554454866,0.0,0.0424607841377857,0.0301621521366674,0.9986427421199681,0.0160352125026979,4,"J_t1,J_t2,M_t1,M_t2",True,"Closed local Huygens sphere around the Level 1 known source center at (0, 0, 4 m)."
level1_local_sphere_r0p35,51,sphere,-0.34638859722759374,0.043169743764261824,3.974479166666667,-0.9896817063645537,0.12334212504074807,-0.07291666666666674,-0.12367133357502273,-0.9923232342597725,0.0,-0.0723569024981085,0.009017701406512086,0.997338036837171,0.0160352125026979,4,"J_t1,J_t2,M_t1,M_t2",True,"Closed local Huygens sphere around the Level 1 known source center at (0, 0, 4 m)."
level1_local_sphere_r0p35,52,sphere,0.22586017895856977,-0.2653498057367912,3.9671875,0.6453147970244851,-0.7581423021051177,-0.09375,0.7614961060013435,0.6481694844288727,-0.0,0.06076588916520681,-0.07139025993762596,0.9955957701296245,0.0160352125026979,4,"J_t1,J_t2,M_t1,M_t2",True,"Closed local Huygens sphere around the Level 1 known source center at (0, 0, 4 m)."
level1_local_sphere_r0p35,53,sphere,0.012671118246098246,0.3474638090195375,3.9598958333333334,0.03620319498885213,0.9927537400558214,-0.11458333333333326,-0.9993357251114193,0.03644322318392912,0.0,0.00417578598982521,0.11450721850235007,0.9934136397907078,0.0160352125026979,4,"J_t1,J_t2,M_t1,M_t2",True,"Closed local Huygens sphere around the Level 1 known source center at (0, 0, 4 m)."
level1_local_sphere_r0p35,54,sphere,-0.24340686015407828,-0.24699541577238196,3.9526041666666667,-0.6954481718687952,-0.7057011879210914,-0.13541666666666674,0.7122620188966423,-0.7019136816142559,0.0,-0.09505081105193056,-0.09645214839225372,0.9907887395347652,0.0160352125026979,4,"J_t1,J_t2,M_t1,M_t2",True,"Closed local Huygens sphere around the Level 1 known source center at (0, 0, 4 m)."
level1_local_sphere_r0p35,55,sphere,0.3452501317552451,0.017652871345360702,3.9453125,0.986428947872129,0.050436775272459156,-0.15625,-0.051063966431814975,0.9986953846555268,0.0,0.15604615385242607,0.00797874475497109,0.9877175393299443,0.0160352125026979,4,"J_t1,J_t2,M_t1,M_t2",True,"Closed local Huygens sphere around the Level 1 known source center at (0, 0, 4 m)."
level1_local_sphere_r0p35,56,sphere,-0.26555084382912864,0.21941133115895198,3.9380208333333333,-0.7587166966546532,0.6268895175970057,-0.17708333333333326,-0.6369560596205294,-0.7709001090366304,0.0,-0.1365135609752366,0.11279430222446869,0.9841958611249875,0.0160352125026979,4,"J_t1,J_t2,M_t1,M_t2",True,"Closed local Huygens sphere around the Level 1 known source center at (0, 0, 4 m)."
level1_local_sphere_r0p35,57,sphere,0.04740636277200047,-0.3397855035430956,3.9307291666666666,0.13544675077714421,-0.9708157244088447,-0.19791666666666674,0.990407116566971,0.1381801123660646,-0.0,0.02734814723911696,-0.19601807515387976,0.9802188495716432,0.0160352125026979,4,"J_t1,J_t2,M_t1,M_t2",True,"Closed local Huygens sphere around the Level 1 known source center at (0, 0, 4 m)."
level1_local_sphere_r0p35,58,sphere,0.1936849420940686,0.2812904669550095,3.9234375,0.5533855488401961,0.8036870484428843,-0.21875,-0.8236347091469997,0.567120680180451,0.0,0.12405764878947366,0.18017009262590616,0.9757809372497498,0.0160352125026979,4,"J_t1,J_t2,M_t1,M_t2",True,"Closed local Huygens sphere around the Level 1 known source center at (0, 0, 4 m)."
level1_local_sphere_r0p35,59,sphere,-0.3311531513112876,-0.07619756629474678,3.916145833333333,-0.9461518608893932,-0.21770733227070507,-0.23958333333333326,0.22423808629320002,-0.9745343917253836,0.0,-0.23348219801753978,-0.05372370817441249,0.9708758037920654,0.0160352125026979,4,"J_t1,J_t2,M_t1,M_t2",True,"Closed local Huygens sphere around the Level 1 known source center at (0, 0, 4 m)."
level1_local_sphere_r0p35,60,sphere,0.29401457710732865,-0.16657690570535555,3.9088541666666665,0.840041648878082,-0.4759340163010159,-0.26041666666666674,0.49294233692210615,0.8700619819701195,-0.0,0.22657864113805204,-0.12837040024013188,0.9654963281764578,0.0160352125026979,4,"J_t1,J_t2,M_t1,M_t2",True,"Closed local Huygens sphere around the Level 1 known source center at (0, 0, 4 m)."
level1_local_sphere_r0p35,61,sphere,-0.10364302670819087,0.3194811130701081,3.9015625,-0.29612293345197394,0.912803180200309,-0.28125,-0.9511987621603185,-0.30857886328243167,0.0,-0.08678780529818392,0.2675246518575896,0.9596345332990055,0.0160352125026979,4,"J_t1,J_t2,M_t1,M_t2",True,"Closed local Huygens sphere around the Level 1 known source center at (0, 0, 4 m)."
level1_local_sphere_r0p35,62,sphere,-0.1384604981054998,-0.303562240373122,3.8942708333333336,-0.3956014231585709,-0.8673206867803487,-0.30208333333333326,0.9098263912451778,-0.41498908153561886,0.0,-0.12536128504721816,-0.27484338902198074,0.9532815217564129,0.0160352125026979,4,"J_t1,J_t2,M_t1,M_t2",True,"Closed local Huygens sphere around the Level 1 known source center at (0, 0, 4 m)."
level1_local_sphere_r0p35,63,sphere,0.3049413936933397,0.12937170341694681,3.8869791666666664,0.8712611248381136,0.36963343833413376,-0.32291666666666674,-0.3905565685566905,0.9205789302157763,0.0,0.2972702795488445,0.12611722526309802,0.946427401541655,0.0160352125026979,4,"J_t1,J_t2,M_t1,M_t2",True,"Closed local Huygens sphere around the Level 1 known source center at (0, 0, 4 m)."
level1_local_sphere_r0p35,64,sphere,-0.3098133794420328,0.10972954143008613,3.8796875,-0.8851810841200938,0.31351297551453183,-0.34375,-0.33385787367964626,-0.9426234243758773,0.0,-0.3240268021292078,0.11476364407737841,0.939061200082295,0.0160352125026979,4,"J_t1,J_t2,M_t1,M_t2",True,"Closed local Huygens sphere around the Level 1 known source center at (0, 0, 4 m)."
level1_local_sphere_r0p35,65,sphere,0.15302878807017112,-0.28774879091158695,3.8723958333333335,0.4372251087719175,-0.8221394026045342,-0.36458333333333326,0.8829093800622397,0.4695434235489956,-0.0,0.17118770650223797,-0.32189404481435824,0.9311707647126577,0.0160352125026979,4,"J_t1,J_t2,M_t1,M_t2",True,"Closed local Huygens sphere around the Level 1 known source center at (0, 0, 4 m)."
level1_local_sphere_r0p35,66,sphere,0.08079488789432082,0.3126904223660355,3.865104166666667,0.23084253684091666,0.8934012067601015,-0.38541666666666674,-0.9682019243629935,0.2501700095131236,0.0,0.09641969116651641,0.37316115834823715,0.9227426472508766,0.0160352125026979,4,"J_t1,J_t2,M_t1,M_t2",True,"Closed local Huygens sphere around the Level 1 known source center at (0, 0, 4 m)."
level1_local_sphere_r0p35,67,sphere,-0.2681594442723184,-0.1742791648227388,3.8578125,-0.7661698407780526,-0.4979404709221109,-0.40625,0.5449345533793845,-0.8384785820360653,0.0,-0.3406319239521515,-0.22137966231037493,0.9137619698258403,0.0160352125026979,4,"J_t1,J_t2,M_t1,M_t2",True,"Closed local Huygens sphere around the Level 1 known source center at (0, 0, 4 m)."
level1_local_sphere_r0p35,68,sphere,0.3121594875883889,-0.05208102381091749,3.8505208333333334,0.8918842502525398,-0.14880292517404997,-0.42708333333333326,0.16456636386005796,0.9863660131441467,-0.0,0.4212604847803126,-0.07028355123189975,0.9042122684352878,0.0160352125026979,4,"J_t1,J_t2,M_t1,M_t2",True,"Closed local Huygens sphere around the Level 1 known source center at (0, 0, 4 m)."
level1_local_sphere_r0p35,69,sphere,-0.19281039529662672,0.2464691812002684,3.8432291666666667,-0.5508868437046478,0.7041976605721955,-0.44791666666666674,-0.7876267835572239,-0.6161526189373068,0.0,-0.27598502723233537,0.35279116346833994,0.8940753098717256,0.0160352125026979,4,"J_t1,J_t2,M_t1,M_t2",True,"Closed local Huygens sphere around the Level 1 known source center at (0, 0, 4 m)."
level1_local_sphere_r0p35,70,sphere,-0.024022950674631133,-0.30823107230555813,3.8359375,-0.06863700192751752,-0.880660206587309,-0.46875,0.9969765916119959,-0.07770248244250409,0.0,-0.03642303864492379,-0.46733277731812306,0.8833308765689106,0.0160352125026979,4,"J_t1,J_t2,M_t1,M_t2",True,"Closed local Huygens sphere around the Level 1 known source center at (0, 0, 4 m)."
level1_local_sphere_r0p35,71,sphere,0.2230117643943747,0.2083350726778382,3.8286458333333333,0.6371764696982135,0.5952430647938235,-0.48958333333333326,-0.6826522380973273,0.7307434035423856,0.0,0.35775979131762625,0.3342151582351498,0.8719565125178104,0.0160352125026979,4,"J_t1,J_t2,M_t1,M_t2",True,"Closed local Huygens sphere around the Level 1 known source center at (0, 0, 4 m)."
level1_local_sphere_r0p35,72,sphere,-0.3009602026121686,-0.002936439388319366,3.8213541666666666,-0.8598862931776247,-0.008389826823769618,-0.5104166666666667,0.00975643823496899,-0.9999524048238332,0.0,-0.5103923732954982,-0.004979848682432089,0.8599272215652257,0.0160352125026979,4,"J_t1,J_t2,M_t1,M_t2",True,"Closed local Huygens sphere around the Level 1 known source center at (0, 0, 4 m)."
level1_local_sphere_r0p35,73,sphere,0.22059232603614362,-0.19815718959380127,3.8140625,0.6302637886746961,-0.5661633988394322,-0.53125,0.6682640502666084,0.7439241622109528,-0.0,0.39520971117456866,-0.3550152767041357,0.8472151069828725,0.0160352125026979,4,"J_t1,J_t2,M_t1,M_t2",True,"Closed local Huygens sphere around the Level 1 known source center at (0, 0, 4 m)."
level1_local_sphere_r0p35,74,sphere,-0.028348178301899857,0.29044598454147935,3.806770833333333,-0.08099479514828531,0.8298456701185125,-0.5520833333333333,-0.9952706642452966,-0.09714064490585735,0.0,-0.0536297310417754,0.5494723458854242,0.8337889379546576,0.0160352125026979,4,"J_t1,J_t2,M_t1,M_t2",True,"Closed local Huygens sphere around the Level 1 known source center at (0, 0, 4 m)."
level1_local_sphere_r0p35,75,sphere,-0.1723102531095314,-0.22934814599781433,3.7994791666666665,-0.49231500888437546,-0.6552804171366124,-0.5729166666666667,0.7994991758910316,-0.6006671855108795,0.0,-0.34413224169894147,-0.458046402854237,0.8196136242495945,0.0160352125026979,4,"J_t1,J_t2,M_t1,M_t2",True,"Closed local Huygens sphere around the Level 1 known source center at (0, 0, 4 m)."
level1_local_sphere_r0p35,76,sphere,0.2768304549475514,0.0517577439353933,3.7921875,0.7909441569930039,0.14787926838683801,-0.59375,-0.183780956457328,0.9829672222630975,0.0,0.5836367882187141,0.10911994289653851,0.8046495743489833,0.0160352125026979,4,"J_t1,J_t2,M_t1,M_t2",True,"Closed local Huygens sphere around the Level 1 known source center at (0, 0, 4 m)."
level1_local_sphere_r0p35,77,sphere,-0.23439400502282431,0.14590972514537587,3.7848958333333336,-0.6696971572080695,0.4168849289867882,-0.6145833333333333,-0.52847046054083,-0.8489516902249286,0.0,-0.5217515596174039,0.32478913720738506,0.7888519039647994,0.0160352125026979,4,"J_t1,J_t2,M_t1,M_t2",True,"Closed local Huygens sphere around the Level 1 known source center at (0, 0, 4 m)."
level1_local_sphere_r0p35,78,sphere,0.07270350721706308,-0.26029654887130305,3.7776041666666664,0.20772430633446595,-0.7437044253465802,-0.6354166666666667,0.9631362976303792,0.26901388846460256,-0.0,0.17093590829521624,-0.6119928557859702,0.772169450135281,0.0160352125026979,4,"J_t1,J_t2,M_t1,M_t2",True,"Closed local Huygens sphere around the Level 1 known source center at (0, 0, 4 m)."
level1_local_sphere_r0p35,79,sphere,0.11942866930647857,0.23554287357386508,3.7703125,0.34122476944708163,0.6729796387824717,-0.65625,-0.8919030018996115,0.4522267519756672,0.0,0.2967738059840316,0.5853113449966201,0.7545435292281023,0.0160352125026979,4,"J_t1,J_t2,M_t1,M_t2",True,"Closed local Huygens sphere around the Level 1 known source center at (0, 0, 4 m)."
level1_local_sphere_r0p35,80,sphere,-0.2410648280143351,-0.0907117592178174,3.7630208333333335,-0.6887566514695289,-0.25917645490804975,-0.6770833333333333,0.35218673410042745,-0.9359297539472045,0.0,-0.6337024375684197,-0.23845976788049775,0.7359063525491695,0.0160352125026979,4,"J_t1,J_t2,M_t1,M_t2",True,"Closed local Huygens sphere around the Level 1 known source center at (0, 0, 4 m)."
level1_local_sphere_r0p35,81,sphere,0.23262099592072877,-0.0933768292430577,3.755729166666667,0.664631416916368,-0.2667909406944506,-0.6979166666666667,0.37251992790421107,0.9280241932806718,-0.0,0.6476835515604689,-0.259987866349814,0.7161789765057957,0.0160352125026979,4,"J_t1,J_t2,M_t1,M_t2",True,"Closed local Huygens sphere around the Level 1 known source center at (0, 0, 4 m)."
level1_local_sphere_r0p35,82,sphere,-0.10528584417468237,0.21938823945274388,3.7484375,-0.3008166976419496,0.626823541293554,-0.71875,-0.9015559367015179,-0.4326625625106115,0.0,-0.31097621680450205,0.647993329504216,0.6952686081652184,0.0160352125026979,4,"J_t1,J_t2,M_t1,M_t2",True,"Closed local Huygens sphere around the Level 1 known source center at (0, 0, 4 m)."
level1_local_sphere_r0p35,83,sphere,-0.0683067632352081,-0.2254522266371188,3.7411458333333334,-0.19516218067202315,-0.6441492189631967,-0.7395833333333333,0.9570386512366854,-0.2899603766707895,0.0,-0.21444986191277138,-0.7078098358104652,0.6730649991312545,0.0160352125026979,4,"J_t1,J_t2,M_t1,M_t2",True,"Closed local Huygens sphere around the Level 1 known source center at (0, 0, 4 m)."
level1_local_sphere_r0p35,84,sphere,0.19554329890811273,0.11588448408409995,3.7338541666666667,0.558695139737465,0.3310985259545713,-0.7604166666666667,-0.5098250963784265,0.8602780777764408,0.0,0.6541697883091686,0.3876795003710952,0.6494355187819307,0.0160352125026979,4,"J_t1,J_t2,M_t1,M_t2",True,"Closed local Huygens sphere around the Level 1 known source center at (0, 0, 4 m)."
level1_local_sphere_r0p35,85,sphere,-0.2138281281943264,0.04482705864386716,3.7265625,-0.6109375091266469,0.12807731041104903,-0.78125,-0.20518033257121235,-0.9787241854199613,0.0,-0.7646282698593447,0.16029713482125965,0.624218261107443,0.0160352125026979,4,"J_t1,J_t2,M_t1,M_t2",True,"Closed local Huygens sphere around the Level 1 known source center at (0, 0, 4 m)."
level1_local_sphere_r0p35,86,sphere,0.12187857398375863,-0.16981386335138948,3.7192708333333333,0.34822449709645326,-0.4851824667182557,-0.8020833333333333,0.8124122796419699,0.5830834313260305,-0.0,0.46768150220942023,-0.6516223492961634,0.5972121284676737,0.0160352125026979,4,"J_t1,J_t2,M_t1,M_t2",True,"Closed local Huygens sphere around the Level 1 known source center at (0, 0, 4 m)."
level1_local_sphere_r0p35,87,sphere,0.023629953330121835,0.19744777758077822,3.7119791666666666,0.06751415237177667,0.5641365073736521,-0.8229166666666667,-0.9929147297820892,0.11882903425409537,0.0,0.09778639277159933,0.8170860797165109,0.5681620893039433,0.0160352125026979,4,"J_t1,J_t2,M_t1,M_t2",True,"Closed local Huygens sphere around the Level 1 known source center at (0, 0, 4 m)."
level1_local_sphere_r0p35,88,sphere,-0.14245723214382447,-0.12246005207279026,3.7046875,-0.4070206632680699,-0.34988586306511504,-0.84375,0.6518765610117472,-0.7583250946681759,0.0,-0.6398367986262734,-0.5500208483536617,0.5367363761661772,0.0160352125026979,4,"J_t1,J_t2,M_t1,M_t2",True,"Closed local Huygens sphere around the Level 1 known source center at (0, 0, 4 m)."
level1_local_sphere_r0p35,89,sphere,0.17578366005701102,-0.00555186211404989,3.697395833333333,0.5022390287343172,-0.015862463182999685,-0.8645833333333333,0.0315677529045165,0.9995016142941238,-0.0,0.8641524373584611,-0.027292953032029887,0.5024894622996808,0.0160352125026979,4,"J_t1,J_t2,M_t1,M_t2",True,"Closed local Huygens sphere around the Level 1 known source center at (0, 0, 4 m)."
level1_local_sphere_r0p35,90,sphere,-0.11642598214235884,0.11362025860217889,3.6901041666666665,-0.33264566326388245,0.3246293102919397,-0.8854166666666667,-0.6984307180970613,-0.7156776732708822,0.0,-0.6336729398752603,0.6184021983151063,0.4647981566108979,0.0160352125026979,4,"J_t1,J_t2,M_t1,M_t2",True,"Closed local Huygens sphere around the Level 1 known source center at (0, 0, 4 m)."
level1_local_sphere_r0p35,91,sphere,0.008276169239723042,-0.14772811129390864,3.6828125,0.02364619782778012,-0.42208031798259615,-0.90625,0.0,0.9065034678215792,-0.42219836904878155,0.9997203895731495,0.00998338615709361,0.021435360331677776,0.0160352125026979,4,"J_t1,J_t2,M_t1,M_t2",True,"Closed local Huygens sphere around the Level 1 known source center at (0, 0, 4 m)."
level1_local_sphere_r0p35,92,sphere,0.08307383222318347,0.10154806152290616,3.6755208333333336,0.2373538063519528,0.29013731863687475,-0.9270833333333333,-0.0,0.9543556978892787,0.2986723989696201,0.9714232705727405,-0.0708910307477084,0.2265199575076946,0.0160352125026979,4,"J_t1,J_t2,M_t1,M_t2",True,"Closed local Huygens sphere around the Level 1 known source center at (0, 0, 4 m)."
level1_local_sphere_r0p35,93,sphere,-0.11033556217345435,-0.01594295672619532,3.6682291666666664,-0.3152444633527267,-0.045551304931986634,-0.9479166666666667,0.0,0.9988473963983252,-0.047998736528029225,0.9490104995865175,-0.015131335938387494,-0.31488111144885833,0.0160352125026979,4,"J_t1,J_t2,M_t1,M_t2",True,"Closed local Huygens sphere around the Level 1 known source center at (0, 0, 4 m)."
level1_local_sphere_r0p35,94,sphere,0.07174211439587777,-0.048884456791078154,3.6609375,0.20497746970250794,-0.1396698765459376,-0.96875,0.0,0.9897660066978303,-0.14269986680242747,0.9787666917679398,0.029250257624046493,0.2028797316504768,0.0160352125026979,4,"J_t1,J_t2,M_t1,M_t2",True,"Closed local Huygens sphere around the Level 1 known source center at (0, 0, 4 m)."
level1_local_sphere_r0p35,95,sphere,-0.011537959259506458,0.04904759656461139,3.6536458333333335,-0.03296559788430417,0.140135990184604,-0.9895833333333333,-0.0,0.9901214772526901,0.14021219734014173,0.999456486974861,0.0046221789159898155,-0.0326399464757254,0.0160352125026979,4,"J_t1,J_t2,M_t1,M_t2",True,"Closed local Huygens sphere around the Level 1 known source center at (0, 0, 4 m)."
