sample_id,frequency_hz,sensor_id,node_id,prior_id,x_m,y_m,z_m,normal_x,normal_y,normal_z,tangent1_x,tangent1_y,tangent1_z,tangent2_x,tangent2_y,tangent2_z,weight_m2,polarization,e_real,e_imag,cst_project,cst_probe_item,extraction_method
L1_halfwave_dipole_z_1p2G,1200000000,0,0,level1_local_sphere_r0p35,0.050386419129,0.0,4.34635416667,0.143961197511,0.0,0.989583333333,0.0,-1.0,0.0,0.989583333333,0.0,-0.143961197511,0.0160352125027,Ex,6.014373321476e-02,2.170012660650e-01,C:\csttmp\huy_h\h_half.cst,1D Results\Probes\E-Field\E-Field (0.0503864 0 4.34635)(X) [1],CST ResultTree 1D complex local Cartesian E-field probe
L1_halfwave_dipole_z_1p2G,1200000000,0,0,level1_local_sphere_r0p35,0.050386419129,0.0,4.34635416667,0.143961197511,0.0,0.989583333333,0.0,-1.0,0.0,0.989583333333,0.0,-0.143961197511,0.0160352125027,Ey,-4.411003636113e-03,-3.502718364031e-03,C:\csttmp\huy_h\h_half.cst,1D Results\Probes\E-Field\E-Field (0.0503864 0 4.34635)(Y) [1],CST ResultTree 1D complex local Cartesian E-field probe
L1_halfwave_dipole_z_1p2G,1200000000,0,0,level1_local_sphere_r0p35,0.050386419129,0.0,4.34635416667,0.143961197511,0.0,0.989583333333,0.0,-1.0,0.0,0.989583333333,0.0,-0.143961197511,0.0160352125027,Ez,3.577673450990e-01,-1.713088652110e-02,C:\csttmp\huy_h\h_half.cst,1D Results\Probes\E-Field\E-Field (0.0503864 0 4.34635)(Z) [1],CST ResultTree 1D complex local Cartesian E-field probe
L1_halfwave_dipole_z_1p2G,1200000000,1,1,level1_local_sphere_r0p35,-0.0640137315534,0.0586418218199,4.3390625,-0.182896375867,0.167548062343,0.96875,0.0,-0.985371045215,0.170422719292,0.983132196449,0.0311696977239,0.180220793054,0.0160352125027,Ex,-7.563658558599e-02,-2.684667617243e-01,C:\csttmp\huy_h\h_half.cst,1D Results\Probes\E-Field\E-Field (-0.0640137 0.0586418 4.33906)(X) [1],CST ResultTree 1D complex local Cartesian E-field probe
L1_halfwave_dipole_z_1p2G,1200000000,1,1,level1_local_sphere_r0p35,-0.0640137315534,0.0586418218199,4.3390625,-0.182896375867,0.167548062343,0.96875,0.0,-0.985371045215,0.170422719292,0.983132196449,0.0311696977239,0.180220793054,0.0160352125027,Ey,6.891946997270e-02,2.445003101335e-01,C:\csttmp\huy_h\h_half.cst,1D Results\Probes\E-Field\E-Field (-0.0640137 0.0586418 4.33906)(Y) [1],CST ResultTree 1D complex local Cartesian E-field probe
L1_halfwave_dipole_z_1p2G,1200000000,1,1,level1_local_sphere_r0p35,-0.0640137315534,0.0586418218199,4.3390625,-0.182896375867,0.167548062343,0.96875,0.0,-0.985371045215,0.170422719292,0.983132196449,0.0311696977239,0.180220793054,0.0160352125027,Ez,3.292778326447e-01,-9.847845427709e-02,C:\csttmp\huy_h\h_half.cst,1D Results\Probes\E-Field\E-Field (-0.0640137 0.0586418 4.33906)(Z) [1],CST ResultTree 1D complex local Cartesian E-field probe
L1_halfwave_dipole_z_1p2G,1200000000,2,2,level1_local_sphere_r0p35,0.00974634673724,-0.111054594117,4.33177083333,0.0278467049635,-0.317298840335,0.947916666667,0.0,-0.948284406316,-0.317421934873,0.999612205319,0.00883915496937,-0.0264065960842,0.0160352125027,Ex,1.322177087920e-02,4.065315333729e-02,C:\csttmp\huy_h\h_half.cst,1D Results\Probes\E-Field\E-Field (0.00974635 -0.111055 4.33177)(X) [1],CST ResultTree 1D complex local Cartesian E-field probe
L1_halfwave_dipole_z_1p2G,1200000000,2,2,level1_local_sphere_r0p35,0.00974634673724,-0.111054594117,4.33177083333,0.0278467049635,-0.317298840335,0.947916666667,0.0,-0.948284406316,-0.317421934873,0.999612205319,0.00883915496937,-0.0264065960842,0.0160352125027,Ey,-1.132962708991e-01,-4.421586571488e-01,C:\csttmp\huy_h\h_half.cst,1D Results\Probes\E-Field\E-Field (0.00974635 -0.111055 4.33177)(Y) [1],CST ResultTree 1D complex local Cartesian E-field probe
L1_halfwave_dipole_z_1p2G,1200000000,2,2,level1_local_sphere_r0p35,0.00974634673724,-0.111054594117,4.33177083333,0.0278467049635,-0.317298840335,0.947916666667,0.0,-0.948284406316,-0.317421934873,0.999612205319,0.00883915496937,-0.0264065960842,0.0160352125027,Ez,3.023667605607e-01,-1.495449530687e-01,C:\csttmp\huy_h\h_half.cst,1D Results\Probes\E-Field\E-Field (0.00974635 -0.111055 4.33177)(Z) [1],CST ResultTree 1D complex local Cartesian E-field probe
L1_halfwave_dipole_z_1p2G,1200000000,3,3,level1_local_sphere_r0p35,0.0798267852986,0.104119905629,4.32447916667,0.228076529425,0.297485444654,0.927083333333,0.0,-0.952179736476,0.305538458208,0.973643208124,-0.0696861511537,-0.217169849684,0.0160352125027,Ex,9.317835400463e-02,3.181122312882e-01,C:\csttmp\huy_h\h_half.cst,1D Results\Probes\E-Field\E-Field (0.0798268 0.10412 4.32448)(X) [1],CST ResultTree 1D complex local Cartesian E-field probe
L1_halfwave_dipole_z_1p2G,1200000000,3,3,level1_local_sphere_r0p35,0.0798267852986,0.104119905629,4.32447916667,0.228076529425,0.297485444654,0.927083333333,0.0,-0.952179736476,0.305538458208,0.973643208124,-0.0696861511537,-0.217169849684,0.0160352125027,Ey,1.172740648054e-01,4.117792502757e-01,C:\csttmp\huy_h\h_half.cst,1D Results\Probes\E-Field\E-Field (0.0798268 0.10412 4.32448)(Y) [1],CST ResultTree 1D complex local Cartesian E-field probe
L1_halfwave_dipole_z_1p2G,1200000000,3,3,level1_local_sphere_r0p35,0.0798267852986,0.104119905629,4.32447916667,0.228076529425,0.297485444654,0.927083333333,0.0,-0.952179736476,0.305538458208,0.973643208124,-0.0696861511537,-0.217169849684,0.0160352125027,Ez,2.796534599546e-01,-1.989434098882e-01,C:\csttmp\huy_h\h_half.cst,1D Results\Probes\E-Field\E-Field (0.0798268 0.10412 4.32448)(Z) [1],CST ResultTree 1D complex local Cartesian E-field probe
L1_halfwave_dipole_z_1p2G,1200000000,4,4,level1_local_sphere_r0p35,-0.145697968509,-0.0257719191415,4.3171875,-0.416279910024,-0.0736340546901,0.90625,0.0,-0.996715361819,-0.0809844893381,0.909236512966,-0.033712215935,0.414912581138,0.0160352125027,Ex,-1.500396269180e-01,-5.492890321505e-01,C:\csttmp\huy_h\h_half.cst,1D Results\Probes\E-Field\E-Field (-0.145698 -0.0257719 4.31719)(X) [1],CST ResultTree 1D complex local Cartesian E-field probe
L1_halfwave_dipole_z_1p2G,1200000000,4,4,level1_local_sphere_r0p35,-0.145697968509,-0.0257719191415,4.3171875,-0.416279910024,-0.0736340546901,0.90625,0.0,-0.996715361819,-0.0809844893381,0.909236512966,-0.033712215935,0.414912581138,0.0160352125027,Ey,-3.552358990311e-02,-1.045503994052e-01,C:\csttmp\huy_h\h_half.cst,1D Results\Probes\E-Field\E-Field (-0.145698 -0.0257719 4.31719)(Y) [1],CST ResultTree 1D complex local Cartesian E-field probe
L1_halfwave_dipole_z_1p2G,1200000000,4,4,level1_local_sphere_r0p35,-0.145697968509,-0.0257719191415,4.3171875,-0.416279910024,-0.0736340546901,0.90625,0.0,-0.996715361819,-0.0809844893381,0.909236512966,-0.033712215935,0.414912581138,0.0160352125027,Ez,2.726802017885e-01,-2.751381756186e-01,C:\csttmp\huy_h\h_half.cst,1D Results\Probes\E-Field\E-Field (-0.145698 -0.0257719 4.31719)(Z) [1],CST ResultTree 1D complex local Cartesian E-field probe
L1_halfwave_dipole_z_1p2G,1200000000,5,5,level1_local_sphere_r0p35,0.137261566981,-0.0873145733117,4.30989583333,0.392175905659,-0.249470209462,0.885416666667,0.536728052626,0.843755294812,-0.0,-0.747075000615,0.475227963263,0.464798156611,0.0160352125027,Ex,1.435726784780e-01,5.072064024913e-01,C:\csttmp\huy_h\h_half.cst,1D Results\Probes\E-Field\E-Field (0.137262 -0.0873146 4.3099)(X) [1],CST ResultTree 1D complex local Cartesian E-field probe
L1_halfwave_dipole_z_1p2G,1200000000,5,5,level1_local_sphere_r0p35,0.137261566981,-0.0873145733117,4.30989583333,0.392175905659,-0.249470209462,0.885416666667,0.536728052626,0.843755294812,-0.0,-0.747075000615,0.475227963263,0.464798156611,0.0160352125027,Ey,-9.818084165585e-02,-3.310471802419e-01,C:\csttmp\huy_h\h_half.cst,1D Results\Probes\E-Field\E-Field (0.137262 -0.0873146 4.3099)(Y) [1],CST ResultTree 1D complex local Cartesian E-field probe
L1_halfwave_dipole_z_1p2G,1200000000,5,5,level1_local_sphere_r0p35,0.137261566981,-0.0873145733117,4.30989583333,0.392175905659,-0.249470209462,0.885416666667,0.536728052626,0.843755294812,-0.0,-0.747075000615,0.475227963263,0.464798156611,0.0160352125027,Ez,2.280558769781e-01,-3.200949705315e-01,C:\csttmp\huy_h\h_half.cst,1D Results\Probes\E-Field\E-Field (0.137262 -0.0873146 4.3099)(Z) [1],CST ResultTree 1D complex local Cartesian E-field probe
L1_halfwave_dipole_z_1p2G,1200000000,6,6,level1_local_sphere_r0p35,-0.0456569496532,0.16984157696,4.30260416667,-0.130448427581,0.485261648458,0.864583333333,-0.965715074376,-0.259604304901,0.0,0.224449555279,-0.834941158054,0.5024894623,0.0160352125027,Ex,-5.757791485573e-02,-1.725355894242e-01,C:\csttmp\huy_h\h_half.cst,1D Results\Probes\E-Field\E-Field (-0.0456569 0.169842 4.3026)(X) [1],CST ResultTree 1D complex local Cartesian E-field probe
L1_halfwave_dipole_z_1p2G,1200000000,6,6,level1_local_sphere_r0p35,-0.0456569496532,0.16984157696,4.30260416667,-0.130448427581,0.485261648458,0.864583333333,-0.965715074376,-0.259604304901,0.0,0.224449555279,-0.834941158054,0.5024894623,0.0160352125027,Ey,1.762729432626e-01,6.115346586373e-01,C:\csttmp\huy_h\h_half.cst,1D Results\Probes\E-Field\E-Field (-0.0456569 0.169842 4.3026)(Y) [1],CST ResultTree 1D complex local Cartesian E-field probe
L1_halfwave_dipole_z_1p2G,1200000000,6,6,level1_local_sphere_r0p35,-0.0456569496532,0.16984157696,4.30260416667,-0.130448427581,0.485261648458,0.864583333333,-0.965715074376,-0.259604304901,0.0,0.224449555279,-0.834941158054,0.5024894623,0.0160352125027,Ez,2.460293375694e-01,-4.079691553383e-01,C:\csttmp\huy_h\h_half.cst,1D Results\Probes\E-Field\E-Field (-0.0456569 0.169842 4.3026)(Z) [1],CST ResultTree 1D complex local Cartesian E-field probe
L1_halfwave_dipole_z_1p2G,1200000000,7,7,level1_local_sphere_r0p35,-0.086584948168,-0.166714048882,4.2953125,-0.247385566194,-0.476325853947,0.84375,0.887448429245,-0.460907024713,0.0,0.388890302102,0.748784612176,0.536736376166,0.0160352125027,Ex,-9.810623473099e-02,-3.182712231813e-01,C:\csttmp\huy_h\h_half.cst,1D Results\Probes\E-Field\E-Field (-0.0865849 -0.166714 4.29531)(X) [1],CST ResultTree 1D complex local Cartesian E-field probe
L1_halfwave_dipole_z_1p2G,1200000000,7,7,level1_local_sphere_r0p35,-0.086584948168,-0.166714048882,4.2953125,-0.247385566194,-0.476325853947,0.84375,0.887448429245,-0.460907024713,0.0,0.388890302102,0.748784612176,0.536736376166,0.0160352125027,Ey,-1.728513069103e-01,-5.803847404941e-01,C:\csttmp\huy_h\h_half.cst,1D Results\Probes\E-Field\E-Field (-0.0865849 -0.166714 4.29531)(Y) [1],CST ResultTree 1D complex local Cartesian E-field probe
L1_halfwave_dipole_z_1p2G,1200000000,7,7,level1_local_sphere_r0p35,-0.086584948168,-0.166714048882,4.2953125,-0.247385566194,-0.476325853947,0.84375,0.887448429245,-0.460907024713,0.0,0.388890302102,0.748784612176,0.536736376166,0.0160352125027,Ez,2.231198751376e-01,-4.598674267626e-01,C:\csttmp\huy_h\h_half.cst,1D Results\Probes\E-Field\E-Field (-0.0865849 -0.166714 4.29531)(Z) [1],CST ResultTree 1D complex local Cartesian E-field probe
L1_halfwave_dipole_z_1p2G,1200000000,8,8,level1_local_sphere_r0p35,0.186790362587,0.0682155408303,4.28802083333,0.533686750247,0.194901545229,0.822916666667,-0.343038630874,0.939321296324,0.0,-0.7729831501,-0.282292206657,0.568162089304,0.0160352125027,Ex,1.948844765880e-01,6.394644217525e-01,C:\csttmp\huy_h\h_half.cst,1D Results\Probes\E-Field\E-Field (0.18679 0.0682155 4.28802)(X) [1],CST ResultTree 1D complex local Cartesian E-field probe
L1_halfwave_dipole_z_1p2G,1200000000,8,8,level1_local_sphere_r0p35,0.186790362587,0.0682155408303,4.28802083333,0.533686750247,0.194901545229,0.822916666667,-0.343038630874,0.939321296324,0.0,-0.7729831501,-0.282292206657,0.568162089304,0.0160352125027,Ey,7.981020097813e-02,2.463075634249e-01,C:\csttmp\huy_h\h_half.cst,1D Results\Probes\E-Field\E-Field (0.18679 0.0682155 4.28802)(Y) [1],CST ResultTree 1D complex local Cartesian E-field probe
L1_halfwave_dipole_z_1p2G,1200000000,8,8,level1_local_sphere_r0p35,0.186790362587,0.0682155408303,4.28802083333,0.533686750247,0.194901545229,0.822916666667,-0.343038630874,0.939321296324,0.0,-0.7729831501,-0.282292206657,0.568162089304,0.0160352125027,Ez,2.310432114673e-01,-5.334517061677e-01,C:\csttmp\huy_h\h_half.cst,1D Results\Probes\E-Field\E-Field (0.18679 0.0682155 4.28802)(Z) [1],CST ResultTree 1D complex local Cartesian E-field probe
L1_halfwave_dipole_z_1p2G,1200000000,9,9,level1_local_sphere_r0p35,-0.193210631957,0.0797545401925,4.28072916667,-0.552030377021,0.227870114836,0.802083333333,-0.381556408475,-0.924345556138,0.0,0.741402164819,-0.306040035964,0.597212128468,0.0160352125027,Ex,-2.030816650195e-01,-6.479608677033e-01,C:\csttmp\huy_h\h_half.cst,1D Results\Probes\E-Field\E-Field (-0.193211 0.0797545 4.28073)(X) [1],CST ResultTree 1D complex local Cartesian E-field probe
L1_halfwave_dipole_z_1p2G,1200000000,9,9,level1_local_sphere_r0p35,-0.193210631957,0.0797545401925,4.28072916667,-0.552030377021,0.227870114836,0.802083333333,-0.381556408475,-0.924345556138,0.0,0.741402164819,-0.306040035964,0.597212128468,0.0160352125027,Ey,9.139174436520e-02,2.817476218301e-01,C:\csttmp\huy_h\h_half.cst,1D Results\Probes\E-Field\E-Field (-0.193211 0.0797545 4.28073)(Y) [1],CST ResultTree 1D complex local Cartesian E-field probe
L1_halfwave_dipole_z_1p2G,1200000000,9,9,level1_local_sphere_r0p35,-0.193210631957,0.0797545401925,4.28072916667,-0.552030377021,0.227870114836,0.802083333333,-0.381556408475,-0.924345556138,0.0,0.741402164819,-0.306040035964,0.597212128468,0.0160352125027,Ez,2.090742286650e-01,-5.877308090572e-01,C:\csttmp\huy_h\h_half.cst,1D Results\Probes\E-Field\E-Field (-0.193211 0.0797545 4.28073)(Z) [1],CST ResultTree 1D complex local Cartesian E-field probe
L1_halfwave_dipole_z_1p2G,1200000000,10,10,level1_local_sphere_r0p35,0.0926003435022,-0.197881555424,4.2734375,0.264572410006,-0.56537587264,0.78125,0.905734272556,0.423845995048,-0.0,-0.331129683631,0.707604900434,0.624218261107,0.0160352125027,Ex,1.013674924572e-01,3.182344589049e-01,C:\csttmp\huy_h\h_half.cst,1D Results\Probes\E-Field\E-Field (0.0926003 -0.197882 4.27344)(X) [1],CST ResultTree 1D complex local Cartesian E-field probe
L1_halfwave_dipole_z_1p2G,1200000000,10,10,level1_local_sphere_r0p35,0.0926003435022,-0.197881555424,4.2734375,0.264572410006,-0.56537587264,0.78125,0.905734272556,0.423845995048,-0.0,-0.331129683631,0.707604900434,0.624218261107,0.0160352125027,Ey,-2.120834466038e-01,-6.502349393207e-01,C:\csttmp\huy_h\h_half.cst,1D Results\Probes\E-Field\E-Field (0.0926003 -0.197882 4.27344)(Y) [1],CST ResultTree 1D complex local Cartesian E-field probe
L1_halfwave_dipole_z_1p2G,1200000000,10,10,level1_local_sphere_r0p35,0.0926003435022,-0.197881555424,4.2734375,0.264572410006,-0.56537587264,0.78125,0.905734272556,0.423845995048,-0.0,-0.331129683631,0.707604900434,0.624218261107,0.0160352125027,Ez,1.903038359608e-01,-6.412262330127e-01,C:\csttmp\huy_h\h_half.cst,1D Results\Probes\E-Field\E-Field (0.0926003 -0.197882 4.27344)(Z) [1],CST ResultTree 1D complex local Cartesian E-field probe
L1_halfwave_dipole_z_1p2G,1200000000,11,11,level1_local_sphere_r0p35,0.0680279501191,0.216883824666,4.26614583333,0.194365571769,0.619668070475,0.760416666667,-0.954164120308,0.299283864445,0.0,-0.227580438588,-0.725562299817,0.649435518782,0.0160352125027,Ex,7.740947923015e-02,2.312831891593e-01,C:\csttmp\huy_h\h_half.cst,1D Results\Probes\E-Field\E-Field (0.068028 0.216884 4.26615)(X) [1],CST ResultTree 1D complex local Cartesian E-field probe
L1_halfwave_dipole_z_1p2G,1200000000,11,11,level1_local_sphere_r0p35,0.0680279501191,0.216883824666,4.26614583333,0.194365571769,0.619668070475,0.760416666667,-0.954164120308,0.299283864445,0.0,-0.227580438588,-0.725562299817,0.649435518782,0.0160352125027,Ey,2.315118459390e-01,7.003687197870e-01,C:\csttmp\huy_h\h_half.cst,1D Results\Probes\E-Field\E-Field (0.068028 0.216884 4.26615)(Y) [1],CST ResultTree 1D complex local Cartesian E-field probe
L1_halfwave_dipole_z_1p2G,1200000000,11,11,level1_local_sphere_r0p35,0.0680279501191,0.216883824666,4.26614583333,0.194365571769,0.619668070475,0.760416666667,-0.954164120308,0.299283864445,0.0,-0.227580438588,-0.725562299817,0.649435518782,0.0160352125027,Ez,1.813074243373e-01,-7.007749878990e-01,C:\csttmp\huy_h\h_half.cst,1D Results\Probes\E-Field\E-Field (0.068028 0.216884 4.26615)(Z) [1],CST ResultTree 1D complex local Cartesian E-field probe
L1_halfwave_dipole_z_1p2G,1200000000,12,12,level1_local_sphere_r0p35,-0.203820183749,-0.118117962629,4.25885416667,-0.582343382141,-0.337479893227,0.739583333333,0.501407581232,-0.865211209753,0.0,0.639895790547,0.370832690286,0.673064999131,0.0160352125027,Ex,-2.185459155148e-01,-6.439005536735e-01,C:\csttmp\huy_h\h_half.cst,1D Results\Probes\E-Field\E-Field (-0.20382 -0.118118 4.25885)(X) [1],CST ResultTree 1D complex local Cartesian E-field probe
L1_halfwave_dipole_z_1p2G,1200000000,12,12,level1_local_sphere_r0p35,-0.203820183749,-0.118117962629,4.25885416667,-0.582343382141,-0.337479893227,0.739583333333,0.501407581232,-0.865211209753,0.0,0.639895790547,0.370832690286,0.673064999131,0.0160352125027,Ey,-1.208644880398e-01,-3.828478473308e-01,C:\csttmp\huy_h\h_half.cst,1D Results\Probes\E-Field\E-Field (-0.20382 -0.118118 4.25885)(Y) [1],CST ResultTree 1D complex local Cartesian E-field probe
L1_halfwave_dipole_z_1p2G,1200000000,12,12,level1_local_sphere_r0p35,-0.203820183749,-0.118117962629,4.25885416667,-0.582343382141,-0.337479893227,0.739583333333,0.501407581232,-0.865211209753,0.0,0.639895790547,0.370832690286,0.673064999131,0.0160352125027,Ez,1.316780227829e-01,-7.493272369856e-01,C:\csttmp\huy_h\h_half.cst,1D Results\Probes\E-Field\E-Field (-0.20382 -0.118118 4.25885)(Z) [1],CST ResultTree 1D complex local Cartesian E-field probe
L1_halfwave_dipole_z_1p2G,1200000000,13,13,level1_local_sphere_r0p35,0.237668202016,-0.0522506875014,4.2515625,0.679052005759,-0.149287678576,0.71875,0.214719429041,0.976675773628,-0.0,-0.701985712295,0.154329589623,0.695268608165,0.0160352125027,Ex,2.588369663765e-01,7.448911825892e-01,C:\csttmp\huy_h\h_half.cst,1D Results\Probes\E-Field\E-Field (0.237668 -0.0522507 4.25156)(X) [1],CST ResultTree 1D complex local Cartesian E-field probe
L1_halfwave_dipole_z_1p2G,1200000000,13,13,level1_local_sphere_r0p35,0.237668202016,-0.0522506875014,4.2515625,0.679052005759,-0.149287678576,0.71875,0.214719429041,0.976675773628,-0.0,-0.701985712295,0.154329589623,0.695268608165,0.0160352125027,Ey,-5.967834789516e-02,-1.703375335518e-01,C:\csttmp\huy_h\h_half.cst,1D Results\Probes\E-Field\E-Field (0.237668 -0.0522507 4.25156)(Y) [1],CST ResultTree 1D complex local Cartesian E-field probe
L1_halfwave_dipole_z_1p2G,1200000000,13,13,level1_local_sphere_r0p35,0.237668202016,-0.0522506875014,4.2515625,0.679052005759,-0.149287678576,0.71875,0.214719429041,0.976675773628,-0.0,-0.701985712295,0.154329589623,0.695268608165,0.0160352125027,Ez,1.767232081266e-01,-8.020835395429e-01,C:\csttmp\huy_h\h_half.cst,1D Results\Probes\E-Field\E-Field (0.237668 -0.0522507 4.25156)(Z) [1],CST ResultTree 1D complex local Cartesian E-field probe
L1_halfwave_dipole_z_1p2G,1200000000,14,14,level1_local_sphere_r0p35,-0.144163462072,0.205057689897,4.24427083333,-0.41189560592,0.585879113993,0.697916666667,-0.81806243022,-0.57512942914,0.0,0.401392414087,-0.570939404424,0.716178976506,0.0160352125027,Ex,-1.481807809572e-01,-4.443342263593e-01,C:\csttmp\huy_h\h_half.cst,1D Results\Probes\E-Field\E-Field (-0.144163 0.205058 4.24427)(X) [1],CST ResultTree 1D complex local Cartesian E-field probe
L1_halfwave_dipole_z_1p2G,1200000000,14,14,level1_local_sphere_r0p35,-0.144163462072,0.205057689897,4.24427083333,-0.41189560592,0.585879113993,0.697916666667,-0.81806243022,-0.57512942914,0.0,0.401392414087,-0.570939404424,0.716178976506,0.0160352125027,Ey,2.184686395671e-01,6.208515812979e-01,C:\csttmp\huy_h\h_half.cst,1D Results\Probes\E-Field\E-Field (-0.144163 0.205058 4.24427)(Y) [1],CST ResultTree 1D complex local Cartesian E-field probe
L1_halfwave_dipole_z_1p2G,1200000000,14,14,level1_local_sphere_r0p35,-0.144163462072,0.205057689897,4.24427083333,-0.41189560592,0.585879113993,0.697916666667,-0.81806243022,-0.57512942914,0.0,0.401392414087,-0.570939404424,0.716178976506,0.0160352125027,Ez,8.269476321804e-02,-8.577188261018e-01,C:\csttmp\huy_h\h_half.cst,1D Results\Probes\E-Field\E-Field (-0.144163 0.205058 4.24427)(Z) [1],CST ResultTree 1D complex local Cartesian E-field probe
L1_halfwave_dipole_z_1p2G,1200000000,15,15,level1_local_sphere_r0p35,-0.0331001415477,-0.255431507836,4.23697916667,-0.0945718329936,-0.729804308104,0.677083333333,0.991708123697,-0.128510689799,0.0,0.0870124462181,0.671469042087,0.735906352549,0.0160352125027,Ex,-3.829414886957e-02,-1.024863541148e-01,C:\csttmp\huy_h\h_half.cst,1D Results\Probes\E-Field\E-Field (-0.0331001 -0.255432 4.23698)(X) [1],CST ResultTree 1D complex local Cartesian E-field probe
L1_halfwave_dipole_z_1p2G,1200000000,15,15,level1_local_sphere_r0p35,-0.0331001415477,-0.255431507836,4.23697916667,-0.0945718329936,-0.729804308104,0.677083333333,0.991708123697,-0.128510689799,0.0,0.0870124462181,0.671469042087,0.735906352549,0.0160352125027,Ey,-2.722014426882e-01,-7.776118468087e-01,C:\csttmp\huy_h\h_half.cst,1D Results\Probes\E-Field\E-Field (-0.0331001 -0.255432 4.23698)(Y) [1],CST ResultTree 1D complex local Cartesian E-field probe
L1_halfwave_dipole_z_1p2G,1200000000,15,15,level1_local_sphere_r0p35,-0.0331001415477,-0.255431507836,4.23697916667,-0.0945718329936,-0.729804308104,0.677083333333,0.991708123697,-0.128510689799,0.0,0.0870124462181,0.671469042087,0.735906352549,0.0160352125027,Ez,1.650864689896e-01,-9.098548924207e-01,C:\csttmp\huy_h\h_half.cst,1D Results\Probes\E-Field\E-Field (-0.0331001 -0.255432 4.23698)(Z) [1],CST ResultTree 1D complex local Cartesian E-field probe
L1_halfwave_dipole_z_1p2G,1200000000,16,16,level1_local_sphere_r0p35,0.201936333078,0.170192155303,4.2296875,0.576960951652,0.486263300866,0.65625,-0.644446982884,0.764648995456,0.0,-0.501800903268,-0.422918332518,0.754543529228,0.0160352125027,Ex,2.153483852028e-01,5.825188875658e-01,C:\csttmp\huy_h\h_half.cst,1D Results\Probes\E-Field\E-Field (0.201936 0.170192 4.22969)(X) [1],CST ResultTree 1D complex local Cartesian E-field probe
L1_halfwave_dipole_z_1p2G,1200000000,16,16,level1_local_sphere_r0p35,0.201936333078,0.170192155303,4.2296875,0.576960951652,0.486263300866,0.65625,-0.644446982884,0.764648995456,0.0,-0.501800903268,-0.422918332518,0.754543529228,0.0160352125027,Ey,1.728662720620e-01,4.968075725515e-01,C:\csttmp\huy_h\h_half.cst,1D Results\Probes\E-Field\E-Field (0.201936 0.170192 4.22969)(Y) [1],CST ResultTree 1D complex local Cartesian E-field probe
L1_halfwave_dipole_z_1p2G,1200000000,16,16,level1_local_sphere_r0p35,0.201936333078,0.170192155303,4.2296875,0.576960951652,0.486263300866,0.65625,-0.644446982884,0.764648995456,0.0,-0.501800903268,-0.422918332518,0.754543529228,0.0160352125027,Ez,6.103873278503e-02,-9.651026089207e-01,C:\csttmp\huy_h\h_half.cst,1D Results\Probes\E-Field\E-Field (0.201936 0.170192 4.22969)(Z) [1],CST ResultTree 1D complex local Cartesian E-field probe
L1_halfwave_dipole_z_1p2G,1200000000,17,17,level1_local_sphere_r0p35,-0.270028520695,0.0111665270975,4.22239583333,-0.771510059128,0.0319043631356,0.635416666667,-0.0413178261974,-0.999146054007,0.0,0.63487405515,-0.0262540353962,0.772169450135,0.0160352125027,Ex,-2.842362465280e-01,-7.789616669528e-01,C:\csttmp\huy_h\h_half.cst,1D Results\Probes\E-Field\E-Field (-0.270029 0.0111665 4.2224)(X) [1],CST ResultTree 1D complex local Cartesian E-field probe
L1_halfwave_dipole_z_1p2G,1200000000,17,17,level1_local_sphere_r0p35,-0.270028520695,0.0111665270975,4.22239583333,-0.771510059128,0.0319043631356,0.635416666667,-0.0413178261974,-0.999146054007,0.0,0.63487405515,-0.0262540353962,0.772169450135,0.0160352125027,Ey,1.086853137463e-02,3.130609097337e-02,C:\csttmp\huy_h\h_half.cst,1D Results\Probes\E-Field\E-Field (-0.270029 0.0111665 4.2224)(Y) [1],CST ResultTree 1D complex local Cartesian E-field probe
L1_halfwave_dipole_z_1p2G,1200000000,17,17,level1_local_sphere_r0p35,-0.270028520695,0.0111665270975,4.22239583333,-0.771510059128,0.0319043631356,0.635416666667,-0.0413178261974,-0.999146054007,0.0,0.63487405515,-0.0262540353962,0.772169450135,0.0160352125027,Ez,1.317625567699e-01,-1.008933174273e+00,C:\csttmp\huy_h\h_half.cst,1D Results\Probes\E-Field\E-Field (-0.270029 0.0111665 4.2224)(Z) [1],CST ResultTree 1D complex local Cartesian E-field probe
L1_halfwave_dipole_z_1p2G,1200000000,18,18,level1_local_sphere_r0p35,0.195706501571,-0.194754108366,4.21510416667,0.55916143306,-0.556440309618,0.614583333333,0.705379941179,0.708829414303,-0.0,-0.435634744207,0.433514755517,0.788851903965,0.0160352125027,Ex,2.001764720948e-01,5.352983553747e-01,C:\csttmp\huy_h\h_half.cst,1D Results\Probes\E-Field\E-Field (0.195707 -0.194754 4.2151)(X) [1],CST ResultTree 1D complex local Cartesian E-field probe
L1_halfwave_dipole_z_1p2G,1200000000,18,18,level1_local_sphere_r0p35,0.195706501571,-0.194754108366,4.21510416667,0.55916143306,-0.556440309618,0.614583333333,0.705379941179,0.708829414303,-0.0,-0.435634744207,0.433514755517,0.788851903965,0.0160352125027,Ey,-2.019689661134e-01,-5.324121295588e-01,C:\csttmp\huy_h\h_half.cst,1D Results\Probes\E-Field\E-Field (0.195707 -0.194754 4.2151)(Y) [1],CST ResultTree 1D complex local Cartesian E-field probe
L1_halfwave_dipole_z_1p2G,1200000000,18,18,level1_local_sphere_r0p35,0.195706501571,-0.194754108366,4.21510416667,0.55916143306,-0.556440309618,0.614583333333,0.705379941179,0.708829414303,-0.0,-0.435634744207,0.433514755517,0.788851903965,0.0160352125027,Ez,5.917757912778e-02,-1.073814191106e+00,C:\csttmp\huy_h\h_half.cst,1D Results\Probes\E-Field\E-Field (0.195707 -0.194754 4.2151)(Z) [1],CST ResultTree 1D complex local Cartesian E-field probe
L1_halfwave_dipole_z_1p2G,1200000000,19,19,level1_local_sphere_r0p35,-0.0130087745601,0.281326743535,4.2078125,-0.0371679273145,0.803790695815,0.59375,-0.998932605495,-0.0461914459404,0.0,0.0274261710271,-0.593116234513,0.804649574349,0.0160352125027,Ex,-1.451005830359e-02,-3.608063139183e-02,C:\csttmp\huy_h\h_half.cst,1D Results\Probes\E-Field\E-Field (-0.0130088 0.281327 4.20781)(X) [1],CST ResultTree 1D complex local Cartesian E-field probe
L1_halfwave_dipole_z_1p2G,1200000000,19,19,level1_local_sphere_r0p35,-0.0130087745601,0.281326743535,4.2078125,-0.0371679273145,0.803790695815,0.59375,-0.998932605495,-0.0461914459404,0.0,0.0274261710271,-0.593116234513,0.804649574349,0.0160352125027,Ey,2.910670427587e-01,7.637919464386e-01,C:\csttmp\huy_h\h_half.cst,1D Results\Probes\E-Field\E-Field (-0.0130088 0.281327 4.20781)(Y) [1],CST ResultTree 1D complex local Cartesian E-field probe
L1_halfwave_dipole_z_1p2G,1200000000,19,19,level1_local_sphere_r0p35,-0.0130087745601,0.281326743535,4.2078125,-0.0371679273145,0.803790695815,0.59375,-0.998932605495,-0.0461914459404,0.0,0.0274261710271,-0.593116234513,0.804649574349,0.0160352125027,Ez,9.192925660081e-02,-1.096941443442e+00,C:\csttmp\huy_h\h_half.cst,1D Results\Probes\E-Field\E-Field (-0.0130088 0.281327 4.20781)(Z) [1],CST ResultTree 1D complex local Cartesian E-field probe
L1_halfwave_dipole_z_1p2G,1200000000,20,20,level1_local_sphere_r0p35,-0.183796880538,-0.220250089907,4.20052083333,-0.525133944394,-0.629285971162,0.572916666667,0.767783688001,-0.640709144964,0.0,0.367072947635,0.43987607125,0.81961362425,0.0160352125027,Ex,-1.798885263602e-01,-4.703053187348e-01,C:\csttmp\huy_h\h_half.cst,1D Results\Probes\E-Field\E-Field (-0.183797 -0.22025 4.20052)(X) [1],CST ResultTree 1D complex local Cartesian E-field probe
L1_halfwave_dipole_z_1p2G,1200000000,20,20,level1_local_sphere_r0p35,-0.183796880538,-0.220250089907,4.20052083333,-0.525133944394,-0.629285971162,0.572916666667,0.767783688001,-0.640709144964,0.0,0.367072947635,0.43987607125,0.81961362425,0.0160352125027,Ey,-2.303640266491e-01,-5.692344490442e-01,C:\csttmp\huy_h\h_half.cst,1D Results\Probes\E-Field\E-Field (-0.183797 -0.22025 4.20052)(Y) [1],CST ResultTree 1D complex local Cartesian E-field probe
L1_halfwave_dipole_z_1p2G,1200000000,20,20,level1_local_sphere_r0p35,-0.183796880538,-0.220250089907,4.20052083333,-0.525133944394,-0.629285971162,0.572916666667,0.767783688001,-0.640709144964,0.0,0.367072947635,0.43987607125,0.81961362425,0.0160352125027,Ez,3.316940315878e-02,-1.149503073416e+00,C:\csttmp\huy_h\h_half.cst,1D Results\Probes\E-Field\E-Field (-0.183797 -0.22025 4.20052)(Z) [1],CST ResultTree 1D complex local Cartesian E-field probe
L1_halfwave_dipole_z_1p2G,1200000000,21,21,level1_local_sphere_r0p35,0.289219949579,0.0389141351564,4.19322916667,0.826342713082,0.111183243304,0.552083333333,-0.13334698776,0.991069412733,0.0,-0.547152904946,-0.0736186494927,0.833788937955,0.0160352125027,Ex,2.836572955362e-01,7.371033126159e-01,C:\csttmp\huy_h\h_half.cst,1D Results\Probes\E-Field\E-Field (0.28922 0.0389141 4.19323)(X) [1],CST ResultTree 1D complex local Cartesian E-field probe
L1_halfwave_dipole_z_1p2G,1200000000,21,21,level1_local_sphere_r0p35,0.289219949579,0.0389141351564,4.19322916667,0.826342713082,0.111183243304,0.552083333333,-0.13334698776,0.991069412733,0.0,-0.547152904946,-0.0736186494927,0.833788937955,0.0160352125027,Ey,4.176286431202e-02,9.959533006414e-02,C:\csttmp\huy_h\h_half.cst,1D Results\Probes\E-Field\E-Field (0.28922 0.0389141 4.19323)(Y) [1],CST ResultTree 1D complex local Cartesian E-field probe
L1_halfwave_dipole_z_1p2G,1200000000,21,21,level1_local_sphere_r0p35,0.289219949579,0.0389141351564,4.19322916667,0.826342713082,0.111183243304,0.552083333333,-0.13334698776,0.991069412733,0.0,-0.547152904946,-0.0736186494927,0.833788937955,0.0160352125027,Ez,4.460155974149e-02,-1.180316290170e+00,C:\csttmp\huy_h\h_half.cst,1D Results\Probes\E-Field\E-Field (0.28922 0.0389141 4.19323)(Z) [1],CST ResultTree 1D complex local Cartesian E-field probe
L1_halfwave_dipole_z_1p2G,1200000000,22,22,level1_local_sphere_r0p35,-0.24340525432,0.169355036132,4.1859375,-0.69544358377,0.483871531806,0.53125,-0.571131850481,-0.820858336966,0.0,0.436080991513,-0.303413795568,0.847215106983,0.0160352125027,Ex,-2.493201239756e-01,-5.859817538908e-01,C:\csttmp\huy_h\h_half.cst,1D Results\Probes\E-Field\E-Field (-0.243405 0.169355 4.18594)(X) [1],CST ResultTree 1D complex local Cartesian E-field probe
L1_halfwave_dipole_z_1p2G,1200000000,22,22,level1_local_sphere_r0p35,-0.24340525432,0.169355036132,4.1859375,-0.69544358377,0.483871531806,0.53125,-0.571131850481,-0.820858336966,0.0,0.436080991513,-0.303413795568,0.847215106983,0.0160352125027,Ey,1.595608170730e-01,4.056173356303e-01,C:\csttmp\huy_h\h_half.cst,1D Results\Probes\E-Field\E-Field (-0.243405 0.169355 4.18594)(Y) [1],CST ResultTree 1D complex local Cartesian E-field probe
L1_halfwave_dipole_z_1p2G,1200000000,22,22,level1_local_sphere_r0p35,-0.24340525432,0.169355036132,4.1859375,-0.69544358377,0.483871531806,0.53125,-0.571131850481,-0.820858336966,0.0,0.436080991513,-0.303413795568,0.847215106983,0.0160352125027,Ez,-1.252843540753e-02,-1.213726614981e+00,C:\csttmp\huy_h\h_half.cst,1D Results\Probes\E-Field\E-Field (-0.243405 0.169355 4.18594)(Z) [1],CST ResultTree 1D complex local Cartesian E-field probe
L1_halfwave_dipole_z_1p2G,1200000000,23,23,level1_local_sphere_r0p35,0.0660583014145,-0.293635772764,4.17864583333,0.188738004041,-0.838959350755,0.510416666667,0.975616691408,0.219481369246,-0.0,-0.112026948886,0.497971019573,0.859927221565,0.0160352125027,Ex,6.877907953628e-02,1.590124157530e-01,C:\csttmp\huy_h\h_half.cst,1D Results\Probes\E-Field\E-Field (0.0660583 -0.293636 4.17865)(X) [1],CST ResultTree 1D complex local Cartesian E-field probe
L1_halfwave_dipole_z_1p2G,1200000000,23,23,level1_local_sphere_r0p35,0.0660583014145,-0.293635772764,4.17864583333,0.188738004041,-0.838959350755,0.510416666667,0.975616691408,0.219481369246,-0.0,-0.112026948886,0.497971019573,0.859927221565,0.0160352125027,Ey,-2.729303599059e-01,-6.925801998661e-01,C:\csttmp\huy_h\h_half.cst,1D Results\Probes\E-Field\E-Field (0.0660583 -0.293636 4.17865)(Y) [1],CST ResultTree 1D complex local Cartesian E-field probe
L1_halfwave_dipole_z_1p2G,1200000000,23,23,level1_local_sphere_r0p35,0.0660583014145,-0.293635772764,4.17864583333,0.188738004041,-0.838959350755,0.510416666667,0.975616691408,0.219481369246,-0.0,-0.112026948886,0.497971019573,0.859927221565,0.0160352125027,Ez,-2.224670652406e-02,-1.239190852801e+00,C:\csttmp\huy_h\h_half.cst,1D Results\Probes\E-Field\E-Field (0.0660583 -0.293636 4.17865)(Z) [1],CST ResultTree 1D complex local Cartesian E-field probe
L1_halfwave_dipole_z_1p2G,1200000000,24,24,level1_local_sphere_r0p35,0.151732035639,0.264792633823,4.17135416667,0.433520101825,0.756550382351,0.489583333333,-0.867646919875,0.497180874965,0.0,-0.243411470035,-0.424785471189,0.871956512518,0.0160352125027,Ex,1.359023654274e-01,3.342592811397e-01,C:\csttmp\huy_h\h_half.cst,1D Results\Probes\E-Field\E-Field (0.151732 0.264793 4.17135)(X) [1],CST ResultTree 1D complex local Cartesian E-field probe
L1_halfwave_dipole_z_1p2G,1200000000,24,24,level1_local_sphere_r0p35,0.151732035639,0.264792633823,4.17135416667,0.433520101825,0.756550382351,0.489583333333,-0.867646919875,0.497180874965,0.0,-0.243411470035,-0.424785471189,0.871956512518,0.0160352125027,Ey,2.589242990903e-01,5.910611972826e-01,C:\csttmp\huy_h\h_half.cst,1D Results\Probes\E-Field\E-Field (0.151732 0.264793 4.17135)(Y) [1],CST ResultTree 1D complex local Cartesian E-field probe
L1_halfwave_dipole_z_1p2G,1200000000,24,24,level1_local_sphere_r0p35,0.151732035639,0.264792633823,4.17135416667,0.433520101825,0.756550382351,0.489583333333,-0.867646919875,0.497180874965,0.0,-0.243411470035,-0.424785471189,0.871956512518,0.0160352125027,Ez,-4.464660121979e-02,-1.279578005271e+00,C:\csttmp\huy_h\h_half.cst,1D Results\Probes\E-Field\E-Field (0.151732 0.264793 4.17135)(Z) [1],CST ResultTree 1D complex local Cartesian E-field probe
L1_halfwave_dipole_z_1p2G,1200000000,25,25,level1_local_sphere_r0p35,-0.294540031094,-0.0939663034128,4.1640625,-0.841542945982,-0.268475152608,0.46875,0.303934980345,-0.952692777197,0.0,0.446574739311,0.142469522037,0.883330876569,0.0160352125027,Ex,-2.678361293957e-01,-6.360778645558e-01,C:\csttmp\huy_h\h_half.cst,1D Results\Probes\E-Field\E-Field (-0.29454 -0.0939663 4.16406)(X) [1],CST ResultTree 1D complex local Cartesian E-field probe
L1_halfwave_dipole_z_1p2G,1200000000,25,25,level1_local_sphere_r0p35,-0.294540031094,-0.0939663034128,4.1640625,-0.841542945982,-0.268475152608,0.46875,0.303934980345,-0.952692777197,0.0,0.446574739311,0.142469522037,0.883330876569,0.0160352125027,Ey,-8.672182719325e-02,-2.035346511096e-01,C:\csttmp\huy_h\h_half.cst,1D Results\Probes\E-Field\E-Field (-0.29454 -0.0939663 4.16406)(Y) [1],CST ResultTree 1D complex local Cartesian E-field probe
L1_halfwave_dipole_z_1p2G,1200000000,25,25,level1_local_sphere_r0p35,-0.294540031094,-0.0939663034128,4.1640625,-0.841542945982,-0.268475152608,0.46875,0.303934980345,-0.952692777197,0.0,0.446574739311,0.142469522037,0.883330876569,0.0160352125027,Ez,-7.094918039007e-02,-1.289078567767e+00,C:\csttmp\huy_h\h_half.cst,1D Results\Probes\E-Field\E-Field (-0.29454 -0.0939663 4.16406)(Z) [1],CST ResultTree 1D complex local Cartesian E-field probe
L1_halfwave_dipole_z_1p2G,1200000000,26,26,level1_local_sphere_r0p35,0.28407177367,-0.131248364636,4.15677083333,0.811633639058,-0.374995327533,0.447916666667,0.419422528944,0.907791133584,-0.0,-0.406614778585,0.187866341089,0.894075309872,0.0160352125027,Ex,2.534195213710e-01,5.867913917692e-01,C:\csttmp\huy_h\h_half.cst,1D Results\Probes\E-Field\E-Field (0.284072 -0.131248 4.15677)(X) [1],CST ResultTree 1D complex local Cartesian E-field probe
L1_halfwave_dipole_z_1p2G,1200000000,26,26,level1_local_sphere_r0p35,0.28407177367,-0.131248364636,4.15677083333,0.811633639058,-0.374995327533,0.447916666667,0.419422528944,0.907791133584,-0.0,-0.406614778585,0.187866341089,0.894075309872,0.0160352125027,Ey,-1.118651171104e-01,-2.644478224424e-01,C:\csttmp\huy_h\h_half.cst,1D Results\Probes\E-Field\E-Field (0.284072 -0.131248 4.15677)(Y) [1],CST ResultTree 1D complex local Cartesian E-field probe
L1_halfwave_dipole_z_1p2G,1200000000,26,26,level1_local_sphere_r0p35,0.28407177367,-0.131248364636,4.15677083333,0.811633639058,-0.374995327533,0.447916666667,0.419422528944,0.907791133584,-0.0,-0.406614778585,0.187866341089,0.894075309872,0.0160352125027,Ez,-9.127577604036e-02,-1.330400555884e+00,C:\csttmp\huy_h\h_half.cst,1D Results\Probes\E-Field\E-Field (0.284072 -0.131248 4.15677)(Z) [1],CST ResultTree 1D complex local Cartesian E-field probe
L1_halfwave_dipole_z_1p2G,1200000000,27,27,level1_local_sphere_r0p35,-0.122178408413,0.291939060851,4.14947916667,-0.349081166895,0.83411160243,0.427083333333,-0.922473219561,-0.386061082204,0.0,0.164880253858,-0.393972937521,0.904212268435,0.0160352125027,Ex,-1.026452280286e-01,-2.384524479236e-01,C:\csttmp\huy_h\h_half.cst,1D Results\Probes\E-Field\E-Field (-0.122178 0.291939 4.14948)(X) [1],CST ResultTree 1D complex local Cartesian E-field probe
L1_halfwave_dipole_z_1p2G,1200000000,27,27,level1_local_sphere_r0p35,-0.122178408413,0.291939060851,4.14947916667,-0.349081166895,0.83411160243,0.427083333333,-0.922473219561,-0.386061082204,0.0,0.164880253858,-0.393972937521,0.904212268435,0.0160352125027,Ey,2.527693913116e-01,5.707239522954e-01,C:\csttmp\huy_h\h_half.cst,1D Results\Probes\E-Field\E-Field (-0.122178 0.291939 4.14948)(Y) [1],CST ResultTree 1D complex local Cartesian E-field probe
L1_halfwave_dipole_z_1p2G,1200000000,27,27,level1_local_sphere_r0p35,-0.122178408413,0.291939060851,4.14947916667,-0.349081166895,0.83411160243,0.427083333333,-0.922473219561,-0.386061082204,0.0,0.164880253858,-0.393972937521,0.904212268435,0.0160352125027,Ez,-1.027240923573e-01,-1.360815960124e+00,C:\csttmp\huy_h\h_half.cst,1D Results\Probes\E-Field\E-Field (-0.122178 0.291939 4.14948)(Z) [1],CST ResultTree 1D complex local Cartesian E-field probe
L1_halfwave_dipole_z_1p2G,1200000000,28,28,level1_local_sphere_r0p35,-0.108242687555,-0.300942246012,4.1421875,-0.309264821585,-0.859834988605,0.40625,0.940983556986,-0.338452279475,0.0,0.137496238537,0.382274570026,0.913761969826,0.0160352125027,Ex,-9.054568764372e-02,-2.046905472946e-01,C:\csttmp\huy_h\h_half.cst,1D Results\Probes\E-Field\E-Field (-0.108243 -0.300942 4.14219)(X) [1],CST ResultTree 1D complex local Cartesian E-field probe
L1_halfwave_dipole_z_1p2G,1200000000,28,28,level1_local_sphere_r0p35,-0.108242687555,-0.300942246012,4.1421875,-0.309264821585,-0.859834988605,0.40625,0.940983556986,-0.338452279475,0.0,0.137496238537,0.382274570026,0.913761969826,0.0160352125027,Ey,-2.380608241555e-01,-5.599910745948e-01,C:\csttmp\huy_h\h_half.cst,1D Results\Probes\E-Field\E-Field (-0.108243 -0.300942 4.14219)(Y) [1],CST ResultTree 1D complex local Cartesian E-field probe
L1_halfwave_dipole_z_1p2G,1200000000,28,28,level1_local_sphere_r0p35,-0.108242687555,-0.300942246012,4.1421875,-0.309264821585,-0.859834988605,0.40625,0.940983556986,-0.338452279475,0.0,0.137496238537,0.382274570026,0.913761969826,0.0160352125027,Ez,-1.391141284726e-01,-1.404029748391e+00,C:\csttmp\huy_h\h_half.cst,1D Results\Probes\E-Field\E-Field (-0.108243 -0.300942 4.14219)(Z) [1],CST ResultTree 1D complex local Cartesian E-field probe
L1_halfwave_dipole_z_1p2G,1200000000,29,29,level1_local_sphere_r0p35,0.285880715676,0.150250892024,4.13489583333,0.816802044788,0.429288262926,0.385416666667,-0.465230759849,0.885189437403,0.0,-0.341166762332,-0.179307688692,0.922742647251,0.0160352125027,Ex,2.254762371194e-01,5.043878749797e-01,C:\csttmp\huy_h\h_half.cst,1D Results\Probes\E-Field\E-Field (0.285881 0.150251 4.1349)(X) [1],CST ResultTree 1D complex local Cartesian E-field probe
L1_halfwave_dipole_z_1p2G,1200000000,29,29,level1_local_sphere_r0p35,0.285880715676,0.150250892024,4.13489583333,0.816802044788,0.429288262926,0.385416666667,-0.465230759849,0.885189437403,0.0,-0.341166762332,-0.179307688692,0.922742647251,0.0160352125027,Ey,1.142623536740e-01,2.619649907690e-01,C:\csttmp\huy_h\h_half.cst,1D Results\Probes\E-Field\E-Field (0.285881 0.150251 4.1349)(Y) [1],CST ResultTree 1D complex local Cartesian E-field probe
