sample_id,frequency_hz,sensor_id,node_id,prior_id,x_m,y_m,z_m,normal_x,normal_y,normal_z,tangent1_x,tangent1_y,tangent1_z,tangent2_x,tangent2_y,tangent2_z,weight_m2,polarization,h_real,h_imag,cst_project,cst_probe_item,extraction_method
L1_short_dipole_z_1p2G,1200000000,0,0,level1_local_sphere_r0p35,0.050386419129,0.0,4.34635416667,0.143961197511,0.0,0.989583333333,0.0,-1.0,0.0,0.989583333333,0.0,-0.143961197511,0.0160352125027,Hx,-3.720045047147e-10,1.730831751757e-09,C:\csttmp\huy_hs\h_short_hfield.cst,1D Results\Probes\H-Field\H-Field (0.0503864 0 4.34635)(X) [1],CST ResultTree 1D complex local Cartesian H-field probe
L1_short_dipole_z_1p2G,1200000000,0,0,level1_local_sphere_r0p35,0.050386419129,0.0,4.34635416667,0.143961197511,0.0,0.989583333333,0.0,-1.0,0.0,0.989583333333,0.0,-0.143961197511,0.0160352125027,Hy,-5.268189013534e-07,-1.118270897211e-07,C:\csttmp\huy_hs\h_short_hfield.cst,1D Results\Probes\H-Field\H-Field (0.0503864 0 4.34635)(Y) [1],CST ResultTree 1D complex local Cartesian H-field probe
L1_short_dipole_z_1p2G,1200000000,0,0,level1_local_sphere_r0p35,0.050386419129,0.0,4.34635416667,0.143961197511,0.0,0.989583333333,0.0,-1.0,0.0,0.989583333333,0.0,-0.143961197511,0.0160352125027,Hz,-2.953729402532e-13,-6.393807634934e-12,C:\csttmp\huy_hs\h_short_hfield.cst,1D Results\Probes\H-Field\H-Field (0.0503864 0 4.34635)(Z) [1],CST ResultTree 1D complex local Cartesian H-field probe
L1_short_dipole_z_1p2G,1200000000,1,1,level1_local_sphere_r0p35,-0.0640137315534,0.0586418218199,4.3390625,-0.182896375867,0.167548062343,0.96875,0.0,-0.985371045215,0.170422719292,0.983132196449,0.0311696977239,0.180220793054,0.0160352125027,Hx,5.865379039155e-07,6.721631558822e-08,C:\csttmp\huy_hs\h_short_hfield.cst,1D Results\Probes\H-Field\H-Field (-0.0640137 0.0586418 4.33906)(X) [1],CST ResultTree 1D complex local Cartesian H-field probe
L1_short_dipole_z_1p2G,1200000000,1,1,level1_local_sphere_r0p35,-0.0640137315534,0.0586418218199,4.3390625,-0.182896375867,0.167548062343,0.96875,0.0,-0.985371045215,0.170422719292,0.983132196449,0.0311696977239,0.180220793054,0.0160352125027,Hy,6.440529023217e-07,7.630032545511e-08,C:\csttmp\huy_hs\h_short_hfield.cst,1D Results\Probes\H-Field\H-Field (-0.0640137 0.0586418 4.33906)(Y) [1],CST ResultTree 1D complex local Cartesian H-field probe
L1_short_dipole_z_1p2G,1200000000,1,1,level1_local_sphere_r0p35,-0.0640137315534,0.0586418218199,4.3390625,-0.182896375867,0.167548062343,0.96875,0.0,-0.985371045215,0.170422719292,0.983132196449,0.0311696977239,0.180220793054,0.0160352125027,Hz,-7.561808044585e-13,3.665497827674e-13,C:\csttmp\huy_hs\h_short_hfield.cst,1D Results\Probes\H-Field\H-Field (-0.0640137 0.0586418 4.33906)(Z) [1],CST ResultTree 1D complex local Cartesian H-field probe
L1_short_dipole_z_1p2G,1200000000,2,2,level1_local_sphere_r0p35,0.00974634673724,-0.111054594117,4.33177083333,0.0278467049635,-0.317298840335,0.947916666667,0.0,-0.948284406316,-0.317421934873,0.999612205319,0.00883915496937,-0.0264065960842,0.0160352125027,Hx,-1.112158084412e-06,-1.420030347750e-07,C:\csttmp\huy_hs\h_short_hfield.cst,1D Results\Probes\H-Field\H-Field (0.00974635 -0.111055 4.33177)(X) [1],CST ResultTree 1D complex local Cartesian H-field probe
L1_short_dipole_z_1p2G,1200000000,2,2,level1_local_sphere_r0p35,0.00974634673724,-0.111054594117,4.33177083333,0.0278467049635,-0.317298840335,0.947916666667,0.0,-0.948284406316,-0.317421934873,0.999612205319,0.00883915496937,-0.0264065960842,0.0160352125027,Hy,-9.278058113825e-08,-8.658214558251e-09,C:\csttmp\huy_hs\h_short_hfield.cst,1D Results\Probes\H-Field\H-Field (0.00974635 -0.111055 4.33177)(Y) [1],CST ResultTree 1D complex local Cartesian H-field probe
L1_short_dipole_z_1p2G,1200000000,2,2,level1_local_sphere_r0p35,0.00974634673724,-0.111054594117,4.33177083333,0.0278467049635,-0.317298840335,0.947916666667,0.0,-0.948284406316,-0.317421934873,0.999612205319,0.00883915496937,-0.0264065960842,0.0160352125027,Hz,2.846565559259e-12,6.300045245212e-12,C:\csttmp\huy_hs\h_short_hfield.cst,1D Results\Probes\H-Field\H-Field (0.00974635 -0.111055 4.33177)(Z) [1],CST ResultTree 1D complex local Cartesian H-field probe
L1_short_dipole_z_1p2G,1200000000,3,3,level1_local_sphere_r0p35,0.0798267852986,0.104119905629,4.32447916667,0.228076529425,0.297485444654,0.927083333333,0.0,-0.952179736476,0.305538458208,0.973643208124,-0.0696861511537,-0.217169849684,0.0160352125027,Hx,1.048869568610e-06,1.243406139071e-07,C:\csttmp\huy_hs\h_short_hfield.cst,1D Results\Probes\H-Field\H-Field (0.0798268 0.10412 4.32448)(X) [1],CST ResultTree 1D complex local Cartesian H-field probe
L1_short_dipole_z_1p2G,1200000000,3,3,level1_local_sphere_r0p35,0.0798267852986,0.104119905629,4.32447916667,0.228076529425,0.297485444654,0.927083333333,0.0,-0.952179736476,0.305538458208,0.973643208124,-0.0696861511537,-0.217169849684,0.0160352125027,Hy,-8.072622301755e-07,-9.571203684273e-08,C:\csttmp\huy_hs\h_short_hfield.cst,1D Results\Probes\H-Field\H-Field (0.0798268 0.10412 4.32448)(Y) [1],CST ResultTree 1D complex local Cartesian H-field probe
L1_short_dipole_z_1p2G,1200000000,3,3,level1_local_sphere_r0p35,0.0798267852986,0.104119905629,4.32447916667,0.228076529425,0.297485444654,0.927083333333,0.0,-0.952179736476,0.305538458208,0.973643208124,-0.0696861511537,-0.217169849684,0.0160352125027,Hz,-4.378581825357e-12,-1.121013437217e-11,C:\csttmp\huy_hs\h_short_hfield.cst,1D Results\Probes\H-Field\H-Field (0.0798268 0.10412 4.32448)(Z) [1],CST ResultTree 1D complex local Cartesian H-field probe
L1_short_dipole_z_1p2G,1200000000,4,4,level1_local_sphere_r0p35,-0.145697968509,-0.0257719191415,4.3171875,-0.416279910024,-0.0736340546901,0.90625,0.0,-0.996715361819,-0.0809844893381,0.909236512966,-0.033712215935,0.414912581138,0.0160352125027,Hx,-2.601265999157e-07,-2.580351493806e-08,C:\csttmp\huy_hs\h_short_hfield.cst,1D Results\Probes\H-Field\H-Field (-0.145698 -0.0257719 4.31719)(X) [1],CST ResultTree 1D complex local Cartesian H-field probe
L1_short_dipole_z_1p2G,1200000000,4,4,level1_local_sphere_r0p35,-0.145697968509,-0.0257719191415,4.3171875,-0.416279910024,-0.0736340546901,0.90625,0.0,-0.996715361819,-0.0809844893381,0.909236512966,-0.033712215935,0.414912581138,0.0160352125027,Hy,1.469306293304e-06,1.808250067139e-07,C:\csttmp\huy_hs\h_short_hfield.cst,1D Results\Probes\H-Field\H-Field (-0.145698 -0.0257719 4.31719)(Y) [1],CST ResultTree 1D complex local Cartesian H-field probe
L1_short_dipole_z_1p2G,1200000000,4,4,level1_local_sphere_r0p35,-0.145697968509,-0.0257719191415,4.3171875,-0.416279910024,-0.0736340546901,0.90625,0.0,-0.996715361819,-0.0809844893381,0.909236512966,-0.033712215935,0.414912581138,0.0160352125027,Hz,5.101609478260e-12,1.122808882495e-11,C:\csttmp\huy_hs\h_short_hfield.cst,1D Results\Probes\H-Field\H-Field (-0.145698 -0.0257719 4.31719)(Z) [1],CST ResultTree 1D complex local Cartesian H-field probe
L1_short_dipole_z_1p2G,1200000000,5,5,level1_local_sphere_r0p35,0.137261566981,-0.0873145733117,4.30989583333,0.392175905659,-0.249470209462,0.885416666667,0.536728052626,0.843755294812,-0.0,-0.747075000615,0.475227963263,0.464798156611,0.0160352125027,Hx,-8.792985360369e-07,-1.021893657677e-07,C:\csttmp\huy_hs\h_short_hfield.cst,1D Results\Probes\H-Field\H-Field (0.137262 -0.0873146 4.3099)(X) [1],CST ResultTree 1D complex local Cartesian H-field probe
L1_short_dipole_z_1p2G,1200000000,5,5,level1_local_sphere_r0p35,0.137261566981,-0.0873145733117,4.30989583333,0.392175905659,-0.249470209462,0.885416666667,0.536728052626,0.843755294812,-0.0,-0.747075000615,0.475227963263,0.464798156611,0.0160352125027,Hy,-1.378428592812e-06,-1.553229483869e-07,C:\csttmp\huy_hs\h_short_hfield.cst,1D Results\Probes\H-Field\H-Field (0.137262 -0.0873146 4.3099)(Y) [1],CST ResultTree 1D complex local Cartesian H-field probe
L1_short_dipole_z_1p2G,1200000000,5,5,level1_local_sphere_r0p35,0.137261566981,-0.0873145733117,4.30989583333,0.392175905659,-0.249470209462,0.885416666667,0.536728052626,0.843755294812,-0.0,-0.747075000615,0.475227963263,0.464798156611,0.0160352125027,Hz,-1.720073930780e-12,-3.696677200149e-12,C:\csttmp\huy_hs\h_short_hfield.cst,1D Results\Probes\H-Field\H-Field (0.137262 -0.0873146 4.3099)(Z) [1],CST ResultTree 1D complex local Cartesian H-field probe
L1_short_dipole_z_1p2G,1200000000,6,6,level1_local_sphere_r0p35,-0.0456569496532,0.16984157696,4.30260416667,-0.130448427581,0.485261648458,0.864583333333,-0.965715074376,-0.259604304901,0.0,0.224449555279,-0.834941158054,0.5024894623,0.0160352125027,Hx,1.710061985705e-06,2.035804141331e-07,C:\csttmp\huy_hs\h_short_hfield.cst,1D Results\Probes\H-Field\H-Field (-0.0456569 0.169842 4.3026)(X) [1],CST ResultTree 1D complex local Cartesian H-field probe
L1_short_dipole_z_1p2G,1200000000,6,6,level1_local_sphere_r0p35,-0.0456569496532,0.16984157696,4.30260416667,-0.130448427581,0.485261648458,0.864583333333,-0.965715074376,-0.259604304901,0.0,0.224449555279,-0.834941158054,0.5024894623,0.0160352125027,Hy,4.602419986434e-07,4.790468169909e-08,C:\csttmp\huy_hs\h_short_hfield.cst,1D Results\Probes\H-Field\H-Field (-0.0456569 0.169842 4.3026)(Y) [1],CST ResultTree 1D complex local Cartesian H-field probe
L1_short_dipole_z_1p2G,1200000000,6,6,level1_local_sphere_r0p35,-0.0456569496532,0.16984157696,4.30260416667,-0.130448427581,0.485261648458,0.864583333333,-0.965715074376,-0.259604304901,0.0,0.224449555279,-0.834941158054,0.5024894623,0.0160352125027,Hz,-3.530129499630e-12,-7.046387194188e-12,C:\csttmp\huy_hs\h_short_hfield.cst,1D Results\Probes\H-Field\H-Field (-0.0456569 0.169842 4.3026)(Z) [1],CST ResultTree 1D complex local Cartesian H-field probe
L1_short_dipole_z_1p2G,1200000000,7,7,level1_local_sphere_r0p35,-0.086584948168,-0.166714048882,4.2953125,-0.247385566194,-0.476325853947,0.84375,0.887448429245,-0.460907024713,0.0,0.388890302102,0.748784612176,0.536736376166,0.0160352125027,Hx,-1.671519676970e-06,-1.959155976349e-07,C:\csttmp\huy_hs\h_short_hfield.cst,1D Results\Probes\H-Field\H-Field (-0.0865849 -0.166714 4.29531)(X) [1],CST ResultTree 1D complex local Cartesian H-field probe
L1_short_dipole_z_1p2G,1200000000,7,7,level1_local_sphere_r0p35,-0.086584948168,-0.166714048882,4.2953125,-0.247385566194,-0.476325853947,0.84375,0.887448429245,-0.460907024713,0.0,0.388890302102,0.748784612176,0.536736376166,0.0160352125027,Hy,8.803081027914e-07,9.792232662732e-08,C:\csttmp\huy_hs\h_short_hfield.cst,1D Results\Probes\H-Field\H-Field (-0.0865849 -0.166714 4.29531)(Y) [1],CST ResultTree 1D complex local Cartesian H-field probe
L1_short_dipole_z_1p2G,1200000000,7,7,level1_local_sphere_r0p35,-0.086584948168,-0.166714048882,4.2953125,-0.247385566194,-0.476325853947,0.84375,0.887448429245,-0.460907024713,0.0,0.388890302102,0.748784612176,0.536736376166,0.0160352125027,Hz,6.334525720688e-12,1.449423180165e-11,C:\csttmp\huy_hs\h_short_hfield.cst,1D Results\Probes\H-Field\H-Field (-0.0865849 -0.166714 4.29531)(Z) [1],CST ResultTree 1D complex local Cartesian H-field probe
L1_short_dipole_z_1p2G,1200000000,8,8,level1_local_sphere_r0p35,0.186790362587,0.0682155408303,4.28802083333,0.533686750247,0.194901545229,0.822916666667,-0.343038630874,0.939321296324,0.0,-0.7729831501,-0.282292206657,0.568162089304,0.0160352125027,Hx,6.943168773580e-07,7.052090576509e-08,C:\csttmp\huy_hs\h_short_hfield.cst,1D Results\Probes\H-Field\H-Field (0.18679 0.0682155 4.28802)(X) [1],CST ResultTree 1D complex local Cartesian H-field probe
L1_short_dipole_z_1p2G,1200000000,8,8,level1_local_sphere_r0p35,0.186790362587,0.0682155408303,4.28802083333,0.533686750247,0.194901545229,0.822916666667,-0.343038630874,0.939321296324,0.0,-0.7729831501,-0.282292206657,0.568162089304,0.0160352125027,Hy,-1.874055431828e-06,-2.199016817617e-07,C:\csttmp\huy_hs\h_short_hfield.cst,1D Results\Probes\H-Field\H-Field (0.18679 0.0682155 4.28802)(Y) [1],CST ResultTree 1D complex local Cartesian H-field probe
L1_short_dipole_z_1p2G,1200000000,8,8,level1_local_sphere_r0p35,0.186790362587,0.0682155408303,4.28802083333,0.533686750247,0.194901545229,0.822916666667,-0.343038630874,0.939321296324,0.0,-0.7729831501,-0.282292206657,0.568162089304,0.0160352125027,Hz,-6.376030322948e-12,-1.463492148502e-11,C:\csttmp\huy_hs\h_short_hfield.cst,1D Results\Probes\H-Field\H-Field (0.18679 0.0682155 4.28802)(Z) [1],CST ResultTree 1D complex local Cartesian H-field probe
L1_short_dipole_z_1p2G,1200000000,9,9,level1_local_sphere_r0p35,-0.193210631957,0.0797545401925,4.28072916667,-0.552030377021,0.227870114836,0.802083333333,-0.381556408475,-0.924345556138,0.0,0.741402164819,-0.306040035964,0.597212128468,0.0160352125027,Hx,8.098306297659e-07,8.726372615851e-08,C:\csttmp\huy_hs\h_short_hfield.cst,1D Results\Probes\H-Field\H-Field (-0.193211 0.0797545 4.28073)(X) [1],CST ResultTree 1D complex local Cartesian H-field probe
L1_short_dipole_z_1p2G,1200000000,9,9,level1_local_sphere_r0p35,-0.193210631957,0.0797545401925,4.28072916667,-0.552030377021,0.227870114836,0.802083333333,-0.381556408475,-0.924345556138,0.0,0.741402164819,-0.306040035964,0.597212128468,0.0160352125027,Hy,1.934095488265e-06,2.138369060369e-07,C:\csttmp\huy_hs\h_short_hfield.cst,1D Results\Probes\H-Field\H-Field (-0.193211 0.0797545 4.28073)(Y) [1],CST ResultTree 1D complex local Cartesian H-field probe
L1_short_dipole_z_1p2G,1200000000,9,9,level1_local_sphere_r0p35,-0.193210631957,0.0797545401925,4.28072916667,-0.552030377021,0.227870114836,0.802083333333,-0.381556408475,-0.924345556138,0.0,0.741402164819,-0.306040035964,0.597212128468,0.0160352125027,Hz,3.195687863184e-12,7.168265588614e-12,C:\csttmp\huy_hs\h_short_hfield.cst,1D Results\Probes\H-Field\H-Field (-0.193211 0.0797545 4.28073)(Z) [1],CST ResultTree 1D complex local Cartesian H-field probe
L1_short_dipole_z_1p2G,1200000000,10,10,level1_local_sphere_r0p35,0.0926003435022,-0.197881555424,4.2734375,0.264572410006,-0.56537587264,0.78125,0.905734272556,0.423845995048,-0.0,-0.331129683631,0.707604900434,0.624218261107,0.0160352125027,Hx,-1.978220854834e-06,-2.125535860083e-07,C:\csttmp\huy_hs\h_short_hfield.cst,1D Results\Probes\H-Field\H-Field (0.0926003 -0.197882 4.27344)(X) [1],CST ResultTree 1D complex local Cartesian H-field probe
L1_short_dipole_z_1p2G,1200000000,10,10,level1_local_sphere_r0p35,0.0926003435022,-0.197881555424,4.2734375,0.264572410006,-0.56537587264,0.78125,0.905734272556,0.423845995048,-0.0,-0.331129683631,0.707604900434,0.624218261107,0.0160352125027,Hy,-9.449953991806e-07,-9.996554033299e-08,C:\csttmp\huy_hs\h_short_hfield.cst,1D Results\Probes\H-Field\H-Field (0.0926003 -0.197882 4.27344)(Y) [1],CST ResultTree 1D complex local Cartesian H-field probe
L1_short_dipole_z_1p2G,1200000000,10,10,level1_local_sphere_r0p35,0.0926003435022,-0.197881555424,4.2734375,0.264572410006,-0.56537587264,0.78125,0.905734272556,0.423845995048,-0.0,-0.331129683631,0.707604900434,0.624218261107,0.0160352125027,Hz,1.994501923240e-12,4.641498163791e-12,C:\csttmp\huy_hs\h_short_hfield.cst,1D Results\Probes\H-Field\H-Field (0.0926003 -0.197882 4.27344)(Z) [1],CST ResultTree 1D complex local Cartesian H-field probe
L1_short_dipole_z_1p2G,1200000000,11,11,level1_local_sphere_r0p35,0.0680279501191,0.216883824666,4.26614583333,0.194365571769,0.619668070475,0.760416666667,-0.954164120308,0.299283864445,0.0,-0.227580438588,-0.725562299817,0.649435518782,0.0160352125027,Hx,2.168013126842e-06,2.321723693195e-07,C:\csttmp\huy_hs\h_short_hfield.cst,1D Results\Probes\H-Field\H-Field (0.068028 0.216884 4.26615)(X) [1],CST ResultTree 1D complex local Cartesian H-field probe
L1_short_dipole_z_1p2G,1200000000,11,11,level1_local_sphere_r0p35,0.0680279501191,0.216883824666,4.26614583333,0.194365571769,0.619668070475,0.760416666667,-0.954164120308,0.299283864445,0.0,-0.227580438588,-0.725562299817,0.649435518782,0.0160352125027,Hy,-6.874796666348e-07,-7.045531969604e-08,C:\csttmp\huy_hs\h_short_hfield.cst,1D Results\Probes\H-Field\H-Field (0.068028 0.216884 4.26615)(Y) [1],CST ResultTree 1D complex local Cartesian H-field probe
L1_short_dipole_z_1p2G,1200000000,11,11,level1_local_sphere_r0p35,0.0680279501191,0.216883824666,4.26614583333,0.194365571769,0.619668070475,0.760416666667,-0.954164120308,0.299283864445,0.0,-0.227580438588,-0.725562299817,0.649435518782,0.0160352125027,Hz,-5.192960773080e-12,-1.406115751799e-11,C:\csttmp\huy_hs\h_short_hfield.cst,1D Results\Probes\H-Field\H-Field (0.068028 0.216884 4.26615)(Z) [1],CST ResultTree 1D complex local Cartesian H-field probe
L1_short_dipole_z_1p2G,1200000000,12,12,level1_local_sphere_r0p35,-0.203820183749,-0.118117962629,4.25885416667,-0.582343382141,-0.337479893227,0.739583333333,0.501407581232,-0.865211209753,0.0,0.639895790547,0.370832690286,0.673064999131,0.0160352125027,Hx,-1.195094300495e-06,-1.323474156849e-07,C:\csttmp\huy_hs\h_short_hfield.cst,1D Results\Probes\H-Field\H-Field (-0.20382 -0.118118 4.25885)(X) [1],CST ResultTree 1D complex local Cartesian H-field probe
L1_short_dipole_z_1p2G,1200000000,12,12,level1_local_sphere_r0p35,-0.203820183749,-0.118117962629,4.25885416667,-0.582343382141,-0.337479893227,0.739583333333,0.501407581232,-0.865211209753,0.0,0.639895790547,0.370832690286,0.673064999131,0.0160352125027,Hy,2.036908961535e-06,2.092758558804e-07,C:\csttmp\huy_hs\h_short_hfield.cst,1D Results\Probes\H-Field\H-Field (-0.20382 -0.118118 4.25885)(Y) [1],CST ResultTree 1D complex local Cartesian H-field probe
L1_short_dipole_z_1p2G,1200000000,12,12,level1_local_sphere_r0p35,-0.203820183749,-0.118117962629,4.25885416667,-0.582343382141,-0.337479893227,0.739583333333,0.501407581232,-0.865211209753,0.0,0.639895790547,0.370832690286,0.673064999131,0.0160352125027,Hz,6.212189376094e-12,1.618769850026e-11,C:\csttmp\huy_hs\h_short_hfield.cst,1D Results\Probes\H-Field\H-Field (-0.20382 -0.118118 4.25885)(Z) [1],CST ResultTree 1D complex local Cartesian H-field probe
L1_short_dipole_z_1p2G,1200000000,13,13,level1_local_sphere_r0p35,0.237668202016,-0.0522506875014,4.2515625,0.679052005759,-0.149287678576,0.71875,0.214719429041,0.976675773628,-0.0,-0.701985712295,0.154329589623,0.695268608165,0.0160352125027,Hx,-5.356847781137e-07,-5.660502628773e-08,C:\csttmp\huy_hs\h_short_hfield.cst,1D Results\Probes\H-Field\H-Field (0.237668 -0.0522507 4.25156)(X) [1],CST ResultTree 1D complex local Cartesian H-field probe
L1_short_dipole_z_1p2G,1200000000,13,13,level1_local_sphere_r0p35,0.237668202016,-0.0522506875014,4.2515625,0.679052005759,-0.149287678576,0.71875,0.214719429041,0.976675773628,-0.0,-0.701985712295,0.154329589623,0.695268608165,0.0160352125027,Hy,-2.374270101582e-06,-1.986620919107e-07,C:\csttmp\huy_hs\h_short_hfield.cst,1D Results\Probes\H-Field\H-Field (0.237668 -0.0522507 4.25156)(Y) [1],CST ResultTree 1D complex local Cartesian H-field probe
L1_short_dipole_z_1p2G,1200000000,13,13,level1_local_sphere_r0p35,0.237668202016,-0.0522506875014,4.2515625,0.679052005759,-0.149287678576,0.71875,0.214719429041,0.976675773628,-0.0,-0.701985712295,0.154329589623,0.695268608165,0.0160352125027,Hz,-3.056110219645e-12,-8.956275496265e-12,C:\csttmp\huy_hs\h_short_hfield.cst,1D Results\Probes\H-Field\H-Field (0.237668 -0.0522507 4.25156)(Z) [1],CST ResultTree 1D complex local Cartesian H-field probe
L1_short_dipole_z_1p2G,1200000000,14,14,level1_local_sphere_r0p35,-0.144163462072,0.205057689897,4.24427083333,-0.41189560592,0.585879113993,0.697916666667,-0.81806243022,-0.57512942914,0.0,0.401392414087,-0.570939404424,0.716178976506,0.0160352125027,Hx,2.050540811885e-06,2.156860924059e-07,C:\csttmp\huy_hs\h_short_hfield.cst,1D Results\Probes\H-Field\H-Field (-0.144163 0.205058 4.24427)(X) [1],CST ResultTree 1D complex local Cartesian H-field probe
L1_short_dipole_z_1p2G,1200000000,14,14,level1_local_sphere_r0p35,-0.144163462072,0.205057689897,4.24427083333,-0.41189560592,0.585879113993,0.697916666667,-0.81806243022,-0.57512942914,0.0,0.401392414087,-0.570939404424,0.716178976506,0.0160352125027,Hy,1.458938702525e-06,1.662099309063e-07,C:\csttmp\huy_hs\h_short_hfield.cst,1D Results\Probes\H-Field\H-Field (-0.144163 0.205058 4.24427)(Y) [1],CST ResultTree 1D complex local Cartesian H-field probe
L1_short_dipole_z_1p2G,1200000000,14,14,level1_local_sphere_r0p35,-0.144163462072,0.205057689897,4.24427083333,-0.41189560592,0.585879113993,0.697916666667,-0.81806243022,-0.57512942914,0.0,0.401392414087,-0.570939404424,0.716178976506,0.0160352125027,Hz,-1.925781127338e-12,-2.589114821649e-12,C:\csttmp\huy_hs\h_short_hfield.cst,1D Results\Probes\H-Field\H-Field (-0.144163 0.205058 4.24427)(Z) [1],CST ResultTree 1D complex local Cartesian H-field probe
L1_short_dipole_z_1p2G,1200000000,15,15,level1_local_sphere_r0p35,-0.0331001415477,-0.255431507836,4.23697916667,-0.0945718329936,-0.729804308104,0.677083333333,0.991708123697,-0.128510689799,0.0,0.0870124462181,0.671469042087,0.735906352549,0.0160352125027,Hx,-2.574406982778e-06,-2.459998645027e-07,C:\csttmp\huy_hs\h_short_hfield.cst,1D Results\Probes\H-Field\H-Field (-0.0331001 -0.255432 4.23698)(X) [1],CST ResultTree 1D complex local Cartesian H-field probe
L1_short_dipole_z_1p2G,1200000000,15,15,level1_local_sphere_r0p35,-0.0331001415477,-0.255431507836,4.23697916667,-0.0945718329936,-0.729804308104,0.677083333333,0.991708123697,-0.128510689799,0.0,0.0870124462181,0.671469042087,0.735906352549,0.0160352125027,Hy,3.365251549926e-07,3.471802026944e-08,C:\csttmp\huy_hs\h_short_hfield.cst,1D Results\Probes\H-Field\H-Field (-0.0331001 -0.255432 4.23698)(Y) [1],CST ResultTree 1D complex local Cartesian H-field probe
L1_short_dipole_z_1p2G,1200000000,15,15,level1_local_sphere_r0p35,-0.0331001415477,-0.255431507836,4.23697916667,-0.0945718329936,-0.729804308104,0.677083333333,0.991708123697,-0.128510689799,0.0,0.0870124462181,0.671469042087,0.735906352549,0.0160352125027,Hz,5.068302830544e-12,1.272190449536e-11,C:\csttmp\huy_hs\h_short_hfield.cst,1D Results\Probes\H-Field\H-Field (-0.0331001 -0.255432 4.23698)(Z) [1],CST ResultTree 1D complex local Cartesian H-field probe
L1_short_dipole_z_1p2G,1200000000,16,16,level1_local_sphere_r0p35,0.201936333078,0.170192155303,4.2296875,0.576960951652,0.486263300866,0.65625,-0.644446982884,0.764648995456,0.0,-0.501800903268,-0.422918332518,0.754543529228,0.0160352125027,Hx,1.717044737700e-06,1.945305645121e-07,C:\csttmp\huy_hs\h_short_hfield.cst,1D Results\Probes\H-Field\H-Field (0.201936 0.170192 4.22969)(X) [1],CST ResultTree 1D complex local Cartesian H-field probe
L1_short_dipole_z_1p2G,1200000000,16,16,level1_local_sphere_r0p35,0.201936333078,0.170192155303,4.2296875,0.576960951652,0.486263300866,0.65625,-0.644446982884,0.764648995456,0.0,-0.501800903268,-0.422918332518,0.754543529228,0.0160352125027,Hy,-2.018474812698e-06,-2.064330496241e-07,C:\csttmp\huy_hs\h_short_hfield.cst,1D Results\Probes\H-Field\H-Field (0.201936 0.170192 4.22969)(Y) [1],CST ResultTree 1D complex local Cartesian H-field probe
L1_short_dipole_z_1p2G,1200000000,16,16,level1_local_sphere_r0p35,0.201936333078,0.170192155303,4.2296875,0.576960951652,0.486263300866,0.65625,-0.644446982884,0.764648995456,0.0,-0.501800903268,-0.422918332518,0.754543529228,0.0160352125027,Hz,-7.039770423194e-12,-1.686430075279e-11,C:\csttmp\huy_hs\h_short_hfield.cst,1D Results\Probes\H-Field\H-Field (0.201936 0.170192 4.22969)(Z) [1],CST ResultTree 1D complex local Cartesian H-field probe
L1_short_dipole_z_1p2G,1200000000,17,17,level1_local_sphere_r0p35,-0.270028520695,0.0111665270975,4.22239583333,-0.771510059128,0.0319043631356,0.635416666667,-0.0413178261974,-0.999146054007,0.0,0.63487405515,-0.0262540353962,0.772169450135,0.0160352125027,Hx,1.036086638308e-07,1.010766202942e-08,C:\csttmp\huy_hs\h_short_hfield.cst,1D Results\Probes\H-Field\H-Field (-0.270029 0.0111665 4.2224)(X) [1],CST ResultTree 1D complex local Cartesian H-field probe
L1_short_dipole_z_1p2G,1200000000,17,17,level1_local_sphere_r0p35,-0.270028520695,0.0111665270975,4.22239583333,-0.771510059128,0.0319043631356,0.635416666667,-0.0413178261974,-0.999146054007,0.0,0.63487405515,-0.0262540353962,0.772169450135,0.0160352125027,Hy,2.719313643340e-06,2.648544612555e-07,C:\csttmp\huy_hs\h_short_hfield.cst,1D Results\Probes\H-Field\H-Field (-0.270029 0.0111665 4.2224)(Y) [1],CST ResultTree 1D complex local Cartesian H-field probe
L1_short_dipole_z_1p2G,1200000000,17,17,level1_local_sphere_r0p35,-0.270028520695,0.0111665270975,4.22239583333,-0.771510059128,0.0319043631356,0.635416666667,-0.0413178261974,-0.999146054007,0.0,0.63487405515,-0.0262540353962,0.772169450135,0.0160352125027,Hz,2.213987084969e-12,1.038776832184e-11,C:\csttmp\huy_hs\h_short_hfield.cst,1D Results\Probes\H-Field\H-Field (-0.270029 0.0111665 4.2224)(Z) [1],CST ResultTree 1D complex local Cartesian H-field probe
L1_short_dipole_z_1p2G,1200000000,18,18,level1_local_sphere_r0p35,0.195706501571,-0.194754108366,4.21510416667,0.55916143306,-0.556440309618,0.614583333333,0.705379941179,0.708829414303,-0.0,-0.435634744207,0.433514755517,0.788851903965,0.0160352125027,Hx,-1.945681531576e-06,-2.138384401767e-07,C:\csttmp\huy_hs\h_short_hfield.cst,1D Results\Probes\H-Field\H-Field (0.195707 -0.194754 4.2151)(X) [1],CST ResultTree 1D complex local Cartesian H-field probe
L1_short_dipole_z_1p2G,1200000000,18,18,level1_local_sphere_r0p35,0.195706501571,-0.194754108366,4.21510416667,0.55916143306,-0.556440309618,0.614583333333,0.705379941179,0.708829414303,-0.0,-0.435634744207,0.433514755517,0.788851903965,0.0160352125027,Hy,-1.960620694429e-06,-2.162514674910e-07,C:\csttmp\huy_hs\h_short_hfield.cst,1D Results\Probes\H-Field\H-Field (0.195707 -0.194754 4.2151)(Y) [1],CST ResultTree 1D complex local Cartesian H-field probe
L1_short_dipole_z_1p2G,1200000000,18,18,level1_local_sphere_r0p35,0.195706501571,-0.194754108366,4.21510416667,0.55916143306,-0.556440309618,0.614583333333,0.705379941179,0.708829414303,-0.0,-0.435634744207,0.433514755517,0.788851903965,0.0160352125027,Hz,1.123604982773e-13,-5.924830048304e-13,C:\csttmp\huy_hs\h_short_hfield.cst,1D Results\Probes\H-Field\H-Field (0.195707 -0.194754 4.2151)(Z) [1],CST ResultTree 1D complex local Cartesian H-field probe
L1_short_dipole_z_1p2G,1200000000,19,19,level1_local_sphere_r0p35,-0.0130087745601,0.281326743535,4.2078125,-0.0371679273145,0.803790695815,0.59375,-0.998932605495,-0.0461914459404,0.0,0.0274261710271,-0.593116234513,0.804649574349,0.0160352125027,Hx,2.845551884291e-06,3.066680879272e-07,C:\csttmp\huy_hs\h_short_hfield.cst,1D Results\Probes\H-Field\H-Field (-0.0130088 0.281327 4.20781)(X) [1],CST ResultTree 1D complex local Cartesian H-field probe
L1_short_dipole_z_1p2G,1200000000,19,19,level1_local_sphere_r0p35,-0.0130087745601,0.281326743535,4.2078125,-0.0371679273145,0.803790695815,0.59375,-0.998932605495,-0.0461914459404,0.0,0.0274261710271,-0.593116234513,0.804649574349,0.0160352125027,Hy,1.294475047041e-07,1.271083003264e-08,C:\csttmp\huy_hs\h_short_hfield.cst,1D Results\Probes\H-Field\H-Field (-0.0130088 0.281327 4.20781)(Y) [1],CST ResultTree 1D complex local Cartesian H-field probe
L1_short_dipole_z_1p2G,1200000000,19,19,level1_local_sphere_r0p35,-0.0130087745601,0.281326743535,4.2078125,-0.0371679273145,0.803790695815,0.59375,-0.998932605495,-0.0461914459404,0.0,0.0274261710271,-0.593116234513,0.804649574349,0.0160352125027,Hz,2.493320697542e-12,-6.802706872298e-12,C:\csttmp\huy_hs\h_short_hfield.cst,1D Results\Probes\H-Field\H-Field (-0.0130088 0.281327 4.20781)(Z) [1],CST ResultTree 1D complex local Cartesian H-field probe
L1_short_dipole_z_1p2G,1200000000,20,20,level1_local_sphere_r0p35,-0.183796880538,-0.220250089907,4.20052083333,-0.525133944394,-0.629285971162,0.572916666667,0.767783688001,-0.640709144964,0.0,0.367072947635,0.43987607125,0.81961362425,0.0160352125027,Hx,-2.215521941674e-06,-2.633414582751e-07,C:\csttmp\huy_hs\h_short_hfield.cst,1D Results\Probes\H-Field\H-Field (-0.183797 -0.22025 4.20052)(X) [1],CST ResultTree 1D complex local Cartesian H-field probe
L1_short_dipole_z_1p2G,1200000000,20,20,level1_local_sphere_r0p35,-0.183796880538,-0.220250089907,4.20052083333,-0.525133944394,-0.629285971162,0.572916666667,0.767783688001,-0.640709144964,0.0,0.367072947635,0.43987607125,0.81961362425,0.0160352125027,Hy,1.841343863363e-06,2.154765300714e-07,C:\csttmp\huy_hs\h_short_hfield.cst,1D Results\Probes\H-Field\H-Field (-0.183797 -0.22025 4.20052)(Y) [1],CST ResultTree 1D complex local Cartesian H-field probe
L1_short_dipole_z_1p2G,1200000000,20,20,level1_local_sphere_r0p35,-0.183796880538,-0.220250089907,4.20052083333,-0.525133944394,-0.629285971162,0.572916666667,0.767783688001,-0.640709144964,0.0,0.367072947635,0.43987607125,0.81961362425,0.0160352125027,Hz,6.287944845101e-12,1.598053694163e-11,C:\csttmp\huy_hs\h_short_hfield.cst,1D Results\Probes\H-Field\H-Field (-0.183797 -0.22025 4.20052)(Z) [1],CST ResultTree 1D complex local Cartesian H-field probe
L1_short_dipole_z_1p2G,1200000000,21,21,level1_local_sphere_r0p35,0.289219949579,0.0389141351564,4.19322916667,0.826342713082,0.111183243304,0.552083333333,-0.13334698776,0.991069412733,0.0,-0.547152904946,-0.0736186494927,0.833788937955,0.0160352125027,Hx,3.867202121555e-07,3.957640907721e-08,C:\csttmp\huy_hs\h_short_hfield.cst,1D Results\Probes\H-Field\H-Field (0.28922 0.0389141 4.19323)(X) [1],CST ResultTree 1D complex local Cartesian H-field probe
L1_short_dipole_z_1p2G,1200000000,21,21,level1_local_sphere_r0p35,0.289219949579,0.0389141351564,4.19322916667,0.826342713082,0.111183243304,0.552083333333,-0.13334698776,0.991069412733,0.0,-0.547152904946,-0.0736186494927,0.833788937955,0.0160352125027,Hy,-2.934541278148e-06,-3.211121277118e-07,C:\csttmp\huy_hs\h_short_hfield.cst,1D Results\Probes\H-Field\H-Field (0.28922 0.0389141 4.19323)(Y) [1],CST ResultTree 1D complex local Cartesian H-field probe
L1_short_dipole_z_1p2G,1200000000,21,21,level1_local_sphere_r0p35,0.289219949579,0.0389141351564,4.19322916667,0.826342713082,0.111183243304,0.552083333333,-0.13334698776,0.991069412733,0.0,-0.547152904946,-0.0736186494927,0.833788937955,0.0160352125027,Hz,-5.341563588111e-12,-1.283233984300e-11,C:\csttmp\huy_hs\h_short_hfield.cst,1D Results\Probes\H-Field\H-Field (0.28922 0.0389141 4.19323)(Z) [1],CST ResultTree 1D complex local Cartesian H-field probe
L1_short_dipole_z_1p2G,1200000000,22,22,level1_local_sphere_r0p35,-0.24340525432,0.169355036132,4.1859375,-0.69544358377,0.483871531806,0.53125,-0.571131850481,-0.820858336966,0.0,0.436080991513,-0.303413795568,0.847215106983,0.0160352125027,Hx,1.709891185087e-06,2.056912733430e-07,C:\csttmp\huy_hs\h_short_hfield.cst,1D Results\Probes\H-Field\H-Field (-0.243405 0.169355 4.18594)(X) [1],CST ResultTree 1D complex local Cartesian H-field probe
L1_short_dipole_z_1p2G,1200000000,22,22,level1_local_sphere_r0p35,-0.24340525432,0.169355036132,4.1859375,-0.69544358377,0.483871531806,0.53125,-0.571131850481,-0.820858336966,0.0,0.436080991513,-0.303413795568,0.847215106983,0.0160352125027,Hy,2.442725240699e-06,2.344899311751e-07,C:\csttmp\huy_hs\h_short_hfield.cst,1D Results\Probes\H-Field\H-Field (-0.243405 0.169355 4.18594)(Y) [1],CST ResultTree 1D complex local Cartesian H-field probe
L1_short_dipole_z_1p2G,1200000000,22,22,level1_local_sphere_r0p35,-0.24340525432,0.169355036132,4.1859375,-0.69544358377,0.483871531806,0.53125,-0.571131850481,-0.820858336966,0.0,0.436080991513,-0.303413795568,0.847215106983,0.0160352125027,Hz,1.263688660572e-12,3.397315691395e-12,C:\csttmp\huy_hs\h_short_hfield.cst,1D Results\Probes\H-Field\H-Field (-0.243405 0.169355 4.18594)(Z) [1],CST ResultTree 1D complex local Cartesian H-field probe
L1_short_dipole_z_1p2G,1200000000,23,23,level1_local_sphere_r0p35,0.0660583014145,-0.293635772764,4.17864583333,0.188738004041,-0.838959350755,0.510416666667,0.975616691408,0.219481369246,-0.0,-0.112026948886,0.497971019573,0.859927221565,0.0160352125027,Hx,-2.988443526684e-06,-3.462531345740e-07,C:\csttmp\huy_hs\h_short_hfield.cst,1D Results\Probes\H-Field\H-Field (0.0660583 -0.293636 4.17865)(X) [1],CST ResultTree 1D complex local Cartesian H-field probe
L1_short_dipole_z_1p2G,1200000000,23,23,level1_local_sphere_r0p35,0.0660583014145,-0.293635772764,4.17864583333,0.188738004041,-0.838959350755,0.510416666667,0.975616691408,0.219481369246,-0.0,-0.112026948886,0.497971019573,0.859927221565,0.0160352125027,Hy,-6.626758419931e-07,-6.490224046541e-08,C:\csttmp\huy_hs\h_short_hfield.cst,1D Results\Probes\H-Field\H-Field (0.0660583 -0.293636 4.17865)(Y) [1],CST ResultTree 1D complex local Cartesian H-field probe
L1_short_dipole_z_1p2G,1200000000,23,23,level1_local_sphere_r0p35,0.0660583014145,-0.293635772764,4.17864583333,0.188738004041,-0.838959350755,0.510416666667,0.975616691408,0.219481369246,-0.0,-0.112026948886,0.497971019573,0.859927221565,0.0160352125027,Hz,3.113678735247e-12,7.631686893019e-12,C:\csttmp\huy_hs\h_short_hfield.cst,1D Results\Probes\H-Field\H-Field (0.0660583 -0.293636 4.17865)(Z) [1],CST ResultTree 1D complex local Cartesian H-field probe
L1_short_dipole_z_1p2G,1200000000,24,24,level1_local_sphere_r0p35,0.151732035639,0.264792633823,4.17135416667,0.433520101825,0.756550382351,0.489583333333,-0.867646919875,0.497180874965,0.0,-0.243411470035,-0.424785471189,0.871956512518,0.0160352125027,Hx,2.672346417481e-06,2.796839279962e-07,C:\csttmp\huy_hs\h_short_hfield.cst,1D Results\Probes\H-Field\H-Field (0.151732 0.264793 4.17135)(X) [1],CST ResultTree 1D complex local Cartesian H-field probe
L1_short_dipole_z_1p2G,1200000000,24,24,level1_local_sphere_r0p35,0.151732035639,0.264792633823,4.17135416667,0.433520101825,0.756550382351,0.489583333333,-0.867646919875,0.497180874965,0.0,-0.243411470035,-0.424785471189,0.871956512518,0.0160352125027,Hy,-1.527900688460e-06,-1.865953646138e-07,C:\csttmp\huy_hs\h_short_hfield.cst,1D Results\Probes\H-Field\H-Field (0.151732 0.264793 4.17135)(Y) [1],CST ResultTree 1D complex local Cartesian H-field probe
L1_short_dipole_z_1p2G,1200000000,24,24,level1_local_sphere_r0p35,0.151732035639,0.264792633823,4.17135416667,0.433520101825,0.756550382351,0.489583333333,-0.867646919875,0.497180874965,0.0,-0.243411470035,-0.424785471189,0.871956512518,0.0160352125027,Hz,-6.158737534716e-12,-1.385202498934e-11,C:\csttmp\huy_hs\h_short_hfield.cst,1D Results\Probes\H-Field\H-Field (0.151732 0.264793 4.17135)(Z) [1],CST ResultTree 1D complex local Cartesian H-field probe
L1_short_dipole_z_1p2G,1200000000,25,25,level1_local_sphere_r0p35,-0.294540031094,-0.0939663034128,4.1640625,-0.841542945982,-0.268475152608,0.46875,0.303934980345,-0.952692777197,0.0,0.446574739311,0.142469522037,0.883330876569,0.0160352125027,Hx,-9.432736324072e-07,-1.014649043791e-07,C:\csttmp\huy_hs\h_short_hfield.cst,1D Results\Probes\H-Field\H-Field (-0.29454 -0.0939663 4.16406)(X) [1],CST ResultTree 1D complex local Cartesian H-field probe
L1_short_dipole_z_1p2G,1200000000,25,25,level1_local_sphere_r0p35,-0.294540031094,-0.0939663034128,4.1640625,-0.841542945982,-0.268475152608,0.46875,0.303934980345,-0.952692777197,0.0,0.446574739311,0.142469522037,0.883330876569,0.0160352125027,Hy,3.008376415591e-06,3.758607098254e-07,C:\csttmp\huy_hs\h_short_hfield.cst,1D Results\Probes\H-Field\H-Field (-0.29454 -0.0939663 4.16406)(Y) [1],CST ResultTree 1D complex local Cartesian H-field probe
L1_short_dipole_z_1p2G,1200000000,25,25,level1_local_sphere_r0p35,-0.294540031094,-0.0939663034128,4.1640625,-0.841542945982,-0.268475152608,0.46875,0.303934980345,-0.952692777197,0.0,0.446574739311,0.142469522037,0.883330876569,0.0160352125027,Hz,5.336262618267e-12,1.316615023928e-11,C:\csttmp\huy_hs\h_short_hfield.cst,1D Results\Probes\H-Field\H-Field (-0.29454 -0.0939663 4.16406)(Z) [1],CST ResultTree 1D complex local Cartesian H-field probe
L1_short_dipole_z_1p2G,1200000000,26,26,level1_local_sphere_r0p35,0.28407177367,-0.131248364636,4.15677083333,0.811633639058,-0.374995327533,0.447916666667,0.419422528944,0.907791133584,-0.0,-0.406614778585,0.187866341089,0.894075309872,0.0160352125027,Hx,-1.317910890498e-06,-1.493395255747e-07,C:\csttmp\huy_hs\h_short_hfield.cst,1D Results\Probes\H-Field\H-Field (0.284072 -0.131248 4.15677)(X) [1],CST ResultTree 1D complex local Cartesian H-field probe
L1_short_dipole_z_1p2G,1200000000,26,26,level1_local_sphere_r0p35,0.28407177367,-0.131248364636,4.15677083333,0.811633639058,-0.374995327533,0.447916666667,0.419422528944,0.907791133584,-0.0,-0.406614778585,0.187866341089,0.894075309872,0.0160352125027,Hy,-2.887748283839e-06,-3.112232600905e-07,C:\csttmp\huy_hs\h_short_hfield.cst,1D Results\Probes\H-Field\H-Field (0.284072 -0.131248 4.15677)(Y) [1],CST ResultTree 1D complex local Cartesian H-field probe
L1_short_dipole_z_1p2G,1200000000,26,26,level1_local_sphere_r0p35,0.28407177367,-0.131248364636,4.15677083333,0.811633639058,-0.374995327533,0.447916666667,0.419422528944,0.907791133584,-0.0,-0.406614778585,0.187866341089,0.894075309872,0.0160352125027,Hz,-2.317688580510e-12,-5.376883956657e-12,C:\csttmp\huy_hs\h_short_hfield.cst,1D Results\Probes\H-Field\H-Field (0.284072 -0.131248 4.15677)(Z) [1],CST ResultTree 1D complex local Cartesian H-field probe
L1_short_dipole_z_1p2G,1200000000,27,27,level1_local_sphere_r0p35,-0.122178408413,0.291939060851,4.14947916667,-0.349081166895,0.83411160243,0.427083333333,-0.922473219561,-0.386061082204,0.0,0.164880253858,-0.393972937521,0.904212268435,0.0160352125027,Hx,2.962481536799e-06,3.013449439746e-07,C:\csttmp\huy_hs\h_short_hfield.cst,1D Results\Probes\H-Field\H-Field (-0.122178 0.291939 4.14948)(X) [1],CST ResultTree 1D complex local Cartesian H-field probe
L1_short_dipole_z_1p2G,1200000000,27,27,level1_local_sphere_r0p35,-0.122178408413,0.291939060851,4.14947916667,-0.349081166895,0.83411160243,0.427083333333,-0.922473219561,-0.386061082204,0.0,0.164880253858,-0.393972937521,0.904212268435,0.0160352125027,Hy,1.236522817972e-06,1.304576965075e-07,C:\csttmp\huy_hs\h_short_hfield.cst,1D Results\Probes\H-Field\H-Field (-0.122178 0.291939 4.14948)(Y) [1],CST ResultTree 1D complex local Cartesian H-field probe
L1_short_dipole_z_1p2G,1200000000,27,27,level1_local_sphere_r0p35,-0.122178408413,0.291939060851,4.14947916667,-0.349081166895,0.83411160243,0.427083333333,-0.922473219561,-0.386061082204,0.0,0.164880253858,-0.393972937521,0.904212268435,0.0160352125027,Hz,-2.367682916352e-12,-4.786202252600e-12,C:\csttmp\huy_hs\h_short_hfield.cst,1D Results\Probes\H-Field\H-Field (-0.122178 0.291939 4.14948)(Z) [1],CST ResultTree 1D complex local Cartesian H-field probe
L1_short_dipole_z_1p2G,1200000000,28,28,level1_local_sphere_r0p35,-0.108242687555,-0.300942246012,4.1421875,-0.309264821585,-0.859834988605,0.40625,0.940983556986,-0.338452279475,0.0,0.137496238537,0.382274570026,0.913761969826,0.0160352125027,Hx,-3.058381470590e-06,-3.509619022160e-07,C:\csttmp\huy_hs\h_short_hfield.cst,1D Results\Probes\H-Field\H-Field (-0.108243 -0.300942 4.14219)(X) [1],CST ResultTree 1D complex local Cartesian H-field probe
L1_short_dipole_z_1p2G,1200000000,28,28,level1_local_sphere_r0p35,-0.108242687555,-0.300942246012,4.1421875,-0.309264821585,-0.859834988605,0.40625,0.940983556986,-0.338452279475,0.0,0.137496238537,0.382274570026,0.913761969826,0.0160352125027,Hy,1.090819445452e-06,1.108752517903e-07,C:\csttmp\huy_hs\h_short_hfield.cst,1D Results\Probes\H-Field\H-Field (-0.108243 -0.300942 4.14219)(Y) [1],CST ResultTree 1D complex local Cartesian H-field probe
L1_short_dipole_z_1p2G,1200000000,28,28,level1_local_sphere_r0p35,-0.108242687555,-0.300942246012,4.1421875,-0.309264821585,-0.859834988605,0.40625,0.940983556986,-0.338452279475,0.0,0.137496238537,0.382274570026,0.913761969826,0.0160352125027,Hz,4.570698424995e-12,1.114108023482e-11,C:\csttmp\huy_hs\h_short_hfield.cst,1D Results\Probes\H-Field\H-Field (-0.108243 -0.300942 4.14219)(Z) [1],CST ResultTree 1D complex local Cartesian H-field probe
