sample_id,frequency_hz,sensor_id,node_id,prior_id,x_m,y_m,z_m,normal_x,normal_y,normal_z,tangent1_x,tangent1_y,tangent1_z,tangent2_x,tangent2_y,tangent2_z,weight_m2,polarization,e_real,e_imag,cst_project,cst_probe_item,extraction_method,selection_order,layout_candidate,layout_method,layout_sensor_count,weighting_model
L1_short_dipole_x_1p2G,1200000000,0,0,level1_local_sphere_r0p35,0.050386419129,0.0,4.34635416667,0.143961197511,0.0,0.989583333333,0.0,-1.0,0.0,0.989583333333,0.0,-0.143961197511,0.0641408500108,Ex,0.006453757546652,0.003570417185833,C:\csttmp\huy_sf_safe_efield96_s\L1_short_dipole_x_1p2G_efield96.cst,1D Results\Probes\E-Field\E-Field (0.0503864 0 4.34635)(X) [1],CST ResultTree 1D complex local Cartesian E-field probe,0,fibonacci_snap_32,fibonacci_snap,32,nearest_full96_cell_aggregation
L1_short_dipole_x_1p2G,1200000000,0,0,level1_local_sphere_r0p35,0.050386419129,0.0,4.34635416667,0.143961197511,0.0,0.989583333333,0.0,-1.0,0.0,0.989583333333,0.0,-0.143961197511,0.0641408500108,Ey,8.248139148536e-06,1.194698038857e-07,C:\csttmp\huy_sf_safe_efield96_s\L1_short_dipole_x_1p2G_efield96.cst,1D Results\Probes\E-Field\E-Field (0.0503864 0 4.34635)(Y) [1],CST ResultTree 1D complex local Cartesian E-field probe,0,fibonacci_snap_32,fibonacci_snap,32,nearest_full96_cell_aggregation
L1_short_dipole_x_1p2G,1200000000,0,0,level1_local_sphere_r0p35,0.050386419129,0.0,4.34635416667,0.143961197511,0.0,0.989583333333,0.0,-1.0,0.0,0.989583333333,0.0,-0.143961197511,0.0641408500108,Ez,-0.0009415314618472,-0.000394049894416,C:\csttmp\huy_sf_safe_efield96_s\L1_short_dipole_x_1p2G_efield96.cst,1D Results\Probes\E-Field\E-Field (0.0503864 0 4.34635)(Z) [1],CST ResultTree 1D complex local Cartesian E-field probe,0,fibonacci_snap_32,fibonacci_snap,32,nearest_full96_cell_aggregation
L1_short_dipole_x_1p2G,1200000000,1,1,level1_local_sphere_r0p35,-0.0640137315534,0.0586418218199,4.3390625,-0.182896375867,0.167548062343,0.96875,0.0,-0.985371045215,0.170422719292,0.983132196449,0.0311696977239,0.180220793054,0.0481056375081,Ex,0.006312008187128,0.003462565619219,C:\csttmp\huy_sf_safe_efield96_s\L1_short_dipole_x_1p2G_efield96.cst,1D Results\Probes\E-Field\E-Field (-0.0640137 0.0586418 4.33906)(X) [1],CST ResultTree 1D complex local Cartesian E-field probe,1,fibonacci_snap_32,fibonacci_snap,32,nearest_full96_cell_aggregation
L1_short_dipole_x_1p2G,1200000000,1,1,level1_local_sphere_r0p35,-0.0640137315534,0.0586418218199,4.3390625,-0.182896375867,0.167548062343,0.96875,0.0,-0.985371045215,0.170422719292,0.983132196449,0.0311696977239,0.180220793054,0.0481056375081,Ey,0.0002311203698978,6.455955259118e-05,C:\csttmp\huy_sf_safe_efield96_s\L1_short_dipole_x_1p2G_efield96.cst,1D Results\Probes\E-Field\E-Field (-0.0640137 0.0586418 4.33906)(Y) [1],CST ResultTree 1D complex local Cartesian E-field probe,1,fibonacci_snap_32,fibonacci_snap,32,nearest_full96_cell_aggregation
L1_short_dipole_x_1p2G,1200000000,1,1,level1_local_sphere_r0p35,-0.0640137315534,0.0586418218199,4.3390625,-0.182896375867,0.167548062343,0.96875,0.0,-0.985371045215,0.170422719292,0.983132196449,0.0311696977239,0.180220793054,0.0481056375081,Ez,0.001192552011044,0.0003719102110687,C:\csttmp\huy_sf_safe_efield96_s\L1_short_dipole_x_1p2G_efield96.cst,1D Results\Probes\E-Field\E-Field (-0.0640137 0.0586418 4.33906)(Z) [1],CST ResultTree 1D complex local Cartesian E-field probe,1,fibonacci_snap_32,fibonacci_snap,32,nearest_full96_cell_aggregation
L1_short_dipole_x_1p2G,1200000000,10,10,level1_local_sphere_r0p35,0.0926003435022,-0.197881555424,4.2734375,0.264572410006,-0.56537587264,0.78125,0.905734272556,0.423845995048,-0.0,-0.331129683631,0.707604900434,0.624218261107,0.0481056375081,Ex,0.005834847011107,0.003576896228621,C:\csttmp\huy_sf_safe_efield96_s\L1_short_dipole_x_1p2G_efield96.cst,1D Results\Probes\E-Field\E-Field (0.0926003 -0.197882 4.27344)(X) [1],CST ResultTree 1D complex local Cartesian E-field probe,2,fibonacci_snap_32,fibonacci_snap,32,nearest_full96_cell_aggregation
L1_short_dipole_x_1p2G,1200000000,10,10,level1_local_sphere_r0p35,0.0926003435022,-0.197881555424,4.2734375,0.264572410006,-0.56537587264,0.78125,0.905734272556,0.423845995048,-0.0,-0.331129683631,0.707604900434,0.624218261107,0.0481056375081,Ey,0.001013181274102,0.000287421464878,C:\csttmp\huy_sf_safe_efield96_s\L1_short_dipole_x_1p2G_efield96.cst,1D Results\Probes\E-Field\E-Field (0.0926003 -0.197882 4.27344)(Y) [1],CST ResultTree 1D complex local Cartesian E-field probe,2,fibonacci_snap_32,fibonacci_snap,32,nearest_full96_cell_aggregation
L1_short_dipole_x_1p2G,1200000000,10,10,level1_local_sphere_r0p35,0.0926003435022,-0.197881555424,4.2734375,0.264572410006,-0.56537587264,0.78125,0.905734272556,0.423845995048,-0.0,-0.331129683631,0.707604900434,0.624218261107,0.0481056375081,Ez,-0.001465393698258,-0.000404554605299,C:\csttmp\huy_sf_safe_efield96_s\L1_short_dipole_x_1p2G_efield96.cst,1D Results\Probes\E-Field\E-Field (0.0926003 -0.197882 4.27344)(Z) [1],CST ResultTree 1D complex local Cartesian E-field probe,2,fibonacci_snap_32,fibonacci_snap,32,nearest_full96_cell_aggregation
L1_short_dipole_x_1p2G,1200000000,11,11,level1_local_sphere_r0p35,0.0680279501191,0.216883824666,4.26614583333,0.194365571769,0.619668070475,0.760416666667,-0.954164120308,0.299283864445,0.0,-0.227580438588,-0.725562299817,0.649435518782,0.0160352125027,Ex,0.006095418686382,0.003621784951003,C:\csttmp\huy_sf_safe_efield96_s\L1_short_dipole_x_1p2G_efield96.cst,1D Results\Probes\E-Field\E-Field (0.068028 0.216884 4.26615)(X) [1],CST ResultTree 1D complex local Cartesian E-field probe,3,fibonacci_snap_32,fibonacci_snap,32,nearest_full96_cell_aggregation
L1_short_dipole_x_1p2G,1200000000,11,11,level1_local_sphere_r0p35,0.0680279501191,0.216883824666,4.26614583333,0.194365571769,0.619668070475,0.760416666667,-0.954164120308,0.299283864445,0.0,-0.227580438588,-0.725562299817,0.649435518782,0.0160352125027,Ey,-0.0008031255465262,-0.0002415199078036,C:\csttmp\huy_sf_safe_efield96_s\L1_short_dipole_x_1p2G_efield96.cst,1D Results\Probes\E-Field\E-Field (0.068028 0.216884 4.26615)(Y) [1],CST ResultTree 1D complex local Cartesian E-field probe,3,fibonacci_snap_32,fibonacci_snap,32,nearest_full96_cell_aggregation
L1_short_dipole_x_1p2G,1200000000,11,11,level1_local_sphere_r0p35,0.0680279501191,0.216883824666,4.26614583333,0.194365571769,0.619668070475,0.760416666667,-0.954164120308,0.299283864445,0.0,-0.227580438588,-0.725562299817,0.649435518782,0.0160352125027,Ez,-0.001022627686592,-0.0002887504138932,C:\csttmp\huy_sf_safe_efield96_s\L1_short_dipole_x_1p2G_efield96.cst,1D Results\Probes\E-Field\E-Field (0.068028 0.216884 4.26615)(Z) [1],CST ResultTree 1D complex local Cartesian E-field probe,3,fibonacci_snap_32,fibonacci_snap,32,nearest_full96_cell_aggregation
L1_short_dipole_x_1p2G,1200000000,17,17,level1_local_sphere_r0p35,-0.270028520695,0.0111665270975,4.22239583333,-0.771510059128,0.0319043631356,0.635416666667,-0.0413178261974,-0.999146054007,0.0,0.63487405515,-0.0262540353962,0.772169450135,0.0641408500108,Ex,0.002136990936158,0.002553643475719,C:\csttmp\huy_sf_safe_efield96_s\L1_short_dipole_x_1p2G_efield96.cst,1D Results\Probes\E-Field\E-Field (-0.270029 0.0111665 4.2224)(X) [1],CST ResultTree 1D complex local Cartesian E-field probe,4,fibonacci_snap_32,fibonacci_snap,32,nearest_full96_cell_aggregation
L1_short_dipole_x_1p2G,1200000000,17,17,level1_local_sphere_r0p35,-0.270028520695,0.0111665270975,4.22239583333,-0.771510059128,0.0319043631356,0.635416666667,-0.0413178261974,-0.999146054007,0.0,0.63487405515,-0.0262540353962,0.772169450135,0.0641408500108,Ey,0.0001724092243913,5.497252475913e-05,C:\csttmp\huy_sf_safe_efield96_s\L1_short_dipole_x_1p2G_efield96.cst,1D Results\Probes\E-Field\E-Field (-0.270029 0.0111665 4.2224)(Y) [1],CST ResultTree 1D complex local Cartesian E-field probe,4,fibonacci_snap_32,fibonacci_snap,32,nearest_full96_cell_aggregation
L1_short_dipole_x_1p2G,1200000000,17,17,level1_local_sphere_r0p35,-0.270028520695,0.0111665270975,4.22239583333,-0.771510059128,0.0319043631356,0.635416666667,-0.0413178261974,-0.999146054007,0.0,0.63487405515,-0.0262540353962,0.772169450135,0.0641408500108,Ez,0.003472473288924,0.00101038345633,C:\csttmp\huy_sf_safe_efield96_s\L1_short_dipole_x_1p2G_efield96.cst,1D Results\Probes\E-Field\E-Field (-0.270029 0.0111665 4.2224)(Z) [1],CST ResultTree 1D complex local Cartesian E-field probe,4,fibonacci_snap_32,fibonacci_snap,32,nearest_full96_cell_aggregation
L1_short_dipole_x_1p2G,1200000000,18,18,level1_local_sphere_r0p35,0.195706501571,-0.194754108366,4.21510416667,0.55916143306,-0.556440309618,0.614583333333,0.705379941179,0.708829414303,-0.0,-0.435634744207,0.433514755517,0.788851903965,0.0481056375081,Ex,0.004215263844144,0.003018530024153,C:\csttmp\huy_sf_safe_efield96_s\L1_short_dipole_x_1p2G_efield96.cst,1D Results\Probes\E-Field\E-Field (0.195707 -0.194754 4.2151)(X) [1],CST ResultTree 1D complex local Cartesian E-field probe,5,fibonacci_snap_32,fibonacci_snap,32,nearest_full96_cell_aggregation
L1_short_dipole_x_1p2G,1200000000,18,18,level1_local_sphere_r0p35,0.195706501571,-0.194754108366,4.21510416667,0.55916143306,-0.556440309618,0.614583333333,0.705379941179,0.708829414303,-0.0,-0.435634744207,0.433514755517,0.788851903965,0.0481056375081,Ey,0.002261845820959,0.000647378952088,C:\csttmp\huy_sf_safe_efield96_s\L1_short_dipole_x_1p2G_efield96.cst,1D Results\Probes\E-Field\E-Field (0.195707 -0.194754 4.2151)(Y) [1],CST ResultTree 1D complex local Cartesian E-field probe,5,fibonacci_snap_32,fibonacci_snap,32,nearest_full96_cell_aggregation
L1_short_dipole_x_1p2G,1200000000,18,18,level1_local_sphere_r0p35,0.195706501571,-0.194754108366,4.21510416667,0.55916143306,-0.556440309618,0.614583333333,0.705379941179,0.708829414303,-0.0,-0.435634744207,0.433514755517,0.788851903965,0.0481056375081,Ez,-0.002509285135571,-0.0007194649202663,C:\csttmp\huy_sf_safe_efield96_s\L1_short_dipole_x_1p2G_efield96.cst,1D Results\Probes\E-Field\E-Field (0.195707 -0.194754 4.2151)(Z) [1],CST ResultTree 1D complex local Cartesian E-field probe,5,fibonacci_snap_32,fibonacci_snap,32,nearest_full96_cell_aggregation
L1_short_dipole_x_1p2G,1200000000,19,19,level1_local_sphere_r0p35,-0.0130087745601,0.281326743535,4.2078125,-0.0371679273145,0.803790695815,0.59375,-0.998932605495,-0.0461914459404,0.0,0.0274261710271,-0.593116234513,0.804649574349,0.0481056375081,Ex,0.006342223176929,0.00364514450007,C:\csttmp\huy_sf_safe_efield96_s\L1_short_dipole_x_1p2G_efield96.cst,1D Results\Probes\E-Field\E-Field (-0.0130088 0.281327 4.20781)(X) [1],CST ResultTree 1D complex local Cartesian E-field probe,6,fibonacci_snap_32,fibonacci_snap,32,nearest_full96_cell_aggregation
L1_short_dipole_x_1p2G,1200000000,19,19,level1_local_sphere_r0p35,-0.0130087745601,0.281326743535,4.2078125,-0.0371679273145,0.803790695815,0.59375,-0.998932605495,-0.0461914459404,0.0,0.0274261710271,-0.593116234513,0.804649574349,0.0481056375081,Ey,0.0002061525746306,6.039961844335e-05,C:\csttmp\huy_sf_safe_efield96_s\L1_short_dipole_x_1p2G_efield96.cst,1D Results\Probes\E-Field\E-Field (-0.0130088 0.281327 4.20781)(Y) [1],CST ResultTree 1D complex local Cartesian E-field probe,6,fibonacci_snap_32,fibonacci_snap,32,nearest_full96_cell_aggregation
L1_short_dipole_x_1p2G,1200000000,19,19,level1_local_sphere_r0p35,-0.0130087745601,0.281326743535,4.2078125,-0.0371679273145,0.803790695815,0.59375,-0.998932605495,-0.0461914459404,0.0,0.0274261710271,-0.593116234513,0.804649574349,0.0481056375081,Ez,0.0001455974739895,4.567420624819e-05,C:\csttmp\huy_sf_safe_efield96_s\L1_short_dipole_x_1p2G_efield96.cst,1D Results\Probes\E-Field\E-Field (-0.0130088 0.281327 4.20781)(Z) [1],CST ResultTree 1D complex local Cartesian E-field probe,6,fibonacci_snap_32,fibonacci_snap,32,nearest_full96_cell_aggregation
L1_short_dipole_x_1p2G,1200000000,28,28,level1_local_sphere_r0p35,-0.108242687555,-0.300942246012,4.1421875,-0.309264821585,-0.859834988605,0.40625,0.940983556986,-0.338452279475,0.0,0.137496238537,0.382274570026,0.913761969826,0.0481056375081,Ex,0.005648068334612,0.003141236833031,C:\csttmp\huy_sf_safe_efield96_s\L1_short_dipole_x_1p2G_efield96.cst,1D Results\Probes\E-Field\E-Field (-0.108243 -0.300942 4.14219)(X) [1],CST ResultTree 1D complex local Cartesian E-field probe,7,fibonacci_snap_32,fibonacci_snap,32,nearest_full96_cell_aggregation
L1_short_dipole_x_1p2G,1200000000,28,28,level1_local_sphere_r0p35,-0.108242687555,-0.300942246012,4.1421875,-0.309264821585,-0.859834988605,0.40625,0.940983556986,-0.338452279475,0.0,0.137496238537,0.382274570026,0.913761969826,0.0481056375081,Ey,-0.00189492565734,-0.0005484034307279,C:\csttmp\huy_sf_safe_efield96_s\L1_short_dipole_x_1p2G_efield96.cst,1D Results\Probes\E-Field\E-Field (-0.108243 -0.300942 4.14219)(Y) [1],CST ResultTree 1D complex local Cartesian E-field probe,7,fibonacci_snap_32,fibonacci_snap,32,nearest_full96_cell_aggregation
L1_short_dipole_x_1p2G,1200000000,28,28,level1_local_sphere_r0p35,-0.108242687555,-0.300942246012,4.1421875,-0.309264821585,-0.859834988605,0.40625,0.940983556986,-0.338452279475,0.0,0.137496238537,0.382274570026,0.913761969826,0.0481056375081,Ez,0.000893474083041,0.0002591884176395,C:\csttmp\huy_sf_safe_efield96_s\L1_short_dipole_x_1p2G_efield96.cst,1D Results\Probes\E-Field\E-Field (-0.108243 -0.300942 4.14219)(Z) [1],CST ResultTree 1D complex local Cartesian E-field probe,7,fibonacci_snap_32,fibonacci_snap,32,nearest_full96_cell_aggregation
L1_short_dipole_x_1p2G,1200000000,29,29,level1_local_sphere_r0p35,0.285880715676,0.150250892024,4.13489583333,0.816802044788,0.429288262926,0.385416666667,-0.465230759849,0.885189437403,0.0,-0.341166762332,-0.179307688692,0.922742647251,0.0481056375081,Ex,0.001644675969112,0.001921117264096,C:\csttmp\huy_sf_safe_efield96_s\L1_short_dipole_x_1p2G_efield96.cst,1D Results\Probes\E-Field\E-Field (0.285881 0.150251 4.1349)(X) [1],CST ResultTree 1D complex local Cartesian E-field probe,8,fibonacci_snap_32,fibonacci_snap,32,nearest_full96_cell_aggregation
L1_short_dipole_x_1p2G,1200000000,29,29,level1_local_sphere_r0p35,0.285880715676,0.150250892024,4.13489583333,0.816802044788,0.429288262926,0.385416666667,-0.465230759849,0.885189437403,0.0,-0.341166762332,-0.179307688692,0.922742647251,0.0481056375081,Ey,-0.002491990690109,-0.0007138567834229,C:\csttmp\huy_sf_safe_efield96_s\L1_short_dipole_x_1p2G_efield96.cst,1D Results\Probes\E-Field\E-Field (0.285881 0.150251 4.1349)(Y) [1],CST ResultTree 1D complex local Cartesian E-field probe,8,fibonacci_snap_32,fibonacci_snap,32,nearest_full96_cell_aggregation
L1_short_dipole_x_1p2G,1200000000,29,29,level1_local_sphere_r0p35,0.285880715676,0.150250892024,4.13489583333,0.816802044788,0.429288262926,0.385416666667,-0.465230759849,0.885189437403,0.0,-0.341166762332,-0.179307688692,0.922742647251,0.0481056375081,Ez,-0.002242593230662,-0.0006421886099895,C:\csttmp\huy_sf_safe_efield96_s\L1_short_dipole_x_1p2G_efield96.cst,1D Results\Probes\E-Field\E-Field (0.285881 0.150251 4.1349)(Z) [1],CST ResultTree 1D complex local Cartesian E-field probe,8,fibonacci_snap_32,fibonacci_snap,32,nearest_full96_cell_aggregation
L1_short_dipole_x_1p2G,1200000000,30,30,level1_local_sphere_r0p35,-0.315144969724,0.0830712026353,4.12760416667,-0.90041419921,0.237346293244,0.364583333333,-0.254890190111,-0.966970005215,0.0,0.352541147735,-0.0929287151447,0.931170764713,0.0481056375081,Ex,0.0005018840991701,0.00174936819997,C:\csttmp\huy_sf_safe_efield96_s\L1_short_dipole_x_1p2G_efield96.cst,1D Results\Probes\E-Field\E-Field (-0.315145 0.0830712 4.1276)(X) [1],CST ResultTree 1D complex local Cartesian E-field probe,9,fibonacci_snap_32,fibonacci_snap,32,nearest_full96_cell_aggregation
L1_short_dipole_x_1p2G,1200000000,30,30,level1_local_sphere_r0p35,-0.315144969724,0.0830712026353,4.12760416667,-0.90041419921,0.237346293244,0.364583333333,-0.254890190111,-0.966970005215,0.0,0.352541147735,-0.0929287151447,0.931170764713,0.0481056375081,Ey,0.001596294382702,0.0004041914128431,C:\csttmp\huy_sf_safe_efield96_s\L1_short_dipole_x_1p2G_efield96.cst,1D Results\Probes\E-Field\E-Field (-0.315145 0.0830712 4.1276)(Y) [1],CST ResultTree 1D complex local Cartesian E-field probe,9,fibonacci_snap_32,fibonacci_snap,32,nearest_full96_cell_aggregation
L1_short_dipole_x_1p2G,1200000000,30,30,level1_local_sphere_r0p35,-0.315144969724,0.0830712026353,4.12760416667,-0.90041419921,0.237346293244,0.364583333333,-0.254890190111,-0.966970005215,0.0,0.352541147735,-0.0929287151447,0.931170764713,0.0481056375081,Ez,0.002367981044235,0.000651354695236,C:\csttmp\huy_sf_safe_efield96_s\L1_short_dipole_x_1p2G_efield96.cst,1D Results\Probes\E-Field\E-Field (-0.315145 0.0830712 4.1276)(Z) [1],CST ResultTree 1D complex local Cartesian E-field probe,9,fibonacci_snap_32,fibonacci_snap,32,nearest_full96_cell_aggregation
L1_short_dipole_x_1p2G,1200000000,31,31,level1_local_sphere_r0p35,0.177757907471,-0.276454388056,4.1203125,0.507879735632,-0.789869680159,0.34375,0.84112694688,0.540837738358,-0.0,-0.185912972561,0.28913738799,0.939061200082,0.0481056375081,Ex,0.004336369461503,0.002896246814905,C:\csttmp\huy_sf_safe_efield96_s\L1_short_dipole_x_1p2G_efield96.cst,1D Results\Probes\E-Field\E-Field (0.177758 -0.276454 4.12031)(X) [1],CST ResultTree 1D complex local Cartesian E-field probe,10,fibonacci_snap_32,fibonacci_snap,32,nearest_full96_cell_aggregation
L1_short_dipole_x_1p2G,1200000000,31,31,level1_local_sphere_r0p35,0.177757907471,-0.276454388056,4.1203125,0.507879735632,-0.789869680159,0.34375,0.84112694688,0.540837738358,-0.0,-0.185912972561,0.28913738799,0.939061200082,0.0481056375081,Ey,0.002999991891906,0.00085733145148,C:\csttmp\huy_sf_safe_efield96_s\L1_short_dipole_x_1p2G_efield96.cst,1D Results\Probes\E-Field\E-Field (0.177758 -0.276454 4.12031)(Y) [1],CST ResultTree 1D complex local Cartesian E-field probe,10,fibonacci_snap_32,fibonacci_snap,32,nearest_full96_cell_aggregation
L1_short_dipole_x_1p2G,1200000000,31,31,level1_local_sphere_r0p35,0.177757907471,-0.276454388056,4.1203125,0.507879735632,-0.789869680159,0.34375,0.84112694688,0.540837738358,-0.0,-0.185912972561,0.28913738799,0.939061200082,0.0481056375081,Ez,-0.001288259517523,-0.0003654399968773,C:\csttmp\huy_sf_safe_efield96_s\L1_short_dipole_x_1p2G_efield96.cst,1D Results\Probes\E-Field\E-Field (0.177758 -0.276454 4.12031)(Z) [1],CST ResultTree 1D complex local Cartesian E-field probe,10,fibonacci_snap_32,fibonacci_snap,32,nearest_full96_cell_aggregation
L1_short_dipole_x_1p2G,1200000000,32,32,level1_local_sphere_r0p35,0.0561057877891,0.326463522938,4.11302083333,0.160302250826,0.932752922681,0.322916666667,-0.985551476174,0.169376172504,0.0,-0.0546943890377,-0.318250997514,0.946427401542,0.0481056375081,Ex,0.006177895683467,0.003272513254207,C:\csttmp\huy_sf_safe_efield96_s\L1_short_dipole_x_1p2G_efield96.cst,1D Results\Probes\E-Field\E-Field (0.0561058 0.326464 4.11302)(X) [1],CST ResultTree 1D complex local Cartesian E-field probe,11,fibonacci_snap_32,fibonacci_snap,32,nearest_full96_cell_aggregation
L1_short_dipole_x_1p2G,1200000000,32,32,level1_local_sphere_r0p35,0.0561057877891,0.326463522938,4.11302083333,0.160302250826,0.932752922681,0.322916666667,-0.985551476174,0.169376172504,0.0,-0.0546943890377,-0.318250997514,0.946427401542,0.0481056375081,Ey,-0.001012722103802,-0.0003106367438652,C:\csttmp\huy_sf_safe_efield96_s\L1_short_dipole_x_1p2G_efield96.cst,1D Results\Probes\E-Field\E-Field (0.0561058 0.326464 4.11302)(Y) [1],CST ResultTree 1D complex local Cartesian E-field probe,11,fibonacci_snap_32,fibonacci_snap,32,nearest_full96_cell_aggregation
L1_short_dipole_x_1p2G,1200000000,32,32,level1_local_sphere_r0p35,0.0561057877891,0.326463522938,4.11302083333,0.160302250826,0.932752922681,0.322916666667,-0.985551476174,0.169376172504,0.0,-0.0546943890377,-0.318250997514,0.946427401542,0.0481056375081,Ez,-0.0003705401836316,-0.000112795480028,C:\csttmp\huy_sf_safe_efield96_s\L1_short_dipole_x_1p2G_efield96.cst,1D Results\Probes\E-Field\E-Field (0.0561058 0.326464 4.11302)(Z) [1],CST ResultTree 1D complex local Cartesian E-field probe,11,fibonacci_snap_32,fibonacci_snap,32,nearest_full96_cell_aggregation
L1_short_dipole_x_1p2G,1200000000,33,33,level1_local_sphere_r0p35,-0.263790262171,-0.20429400603,4.10572916667,-0.753686463345,-0.583697160086,0.302083333333,0.612303025669,-0.790623174943,0.0,0.238834084097,0.184966539004,0.953281521756,0.0320704250054,Ex,0.002316088349422,0.002363258296313,C:\csttmp\huy_sf_safe_efield96_s\L1_short_dipole_x_1p2G_efield96.cst,1D Results\Probes\E-Field\E-Field (-0.26379 -0.204294 4.10573)(X) [1],CST ResultTree 1D complex local Cartesian E-field probe,12,fibonacci_snap_32,fibonacci_snap,32,nearest_full96_cell_aggregation
L1_short_dipole_x_1p2G,1200000000,33,33,level1_local_sphere_r0p35,-0.263790262171,-0.20429400603,4.10572916667,-0.753686463345,-0.583697160086,0.302083333333,0.612303025669,-0.790623174943,0.0,0.238834084097,0.184966539004,0.953281521756,0.0320704250054,Ey,-0.003108571119052,-0.0008884930587903,C:\csttmp\huy_sf_safe_efield96_s\L1_short_dipole_x_1p2G_efield96.cst,1D Results\Probes\E-Field\E-Field (-0.26379 -0.204294 4.10573)(Y) [1],CST ResultTree 1D complex local Cartesian E-field probe,12,fibonacci_snap_32,fibonacci_snap,32,nearest_full96_cell_aggregation
L1_short_dipole_x_1p2G,1200000000,33,33,level1_local_sphere_r0p35,-0.263790262171,-0.20429400603,4.10572916667,-0.753686463345,-0.583697160086,0.302083333333,0.612303025669,-0.790623174943,0.0,0.238834084097,0.184966539004,0.953281521756,0.0320704250054,Ez,0.00165002309261,0.0004941848214231,C:\csttmp\huy_sf_safe_efield96_s\L1_short_dipole_x_1p2G_efield96.cst,1D Results\Probes\E-Field\E-Field (-0.26379 -0.204294 4.10573)(Z) [1],CST ResultTree 1D complex local Cartesian E-field probe,12,fibonacci_snap_32,fibonacci_snap,32,nearest_full96_cell_aggregation
L1_short_dipole_x_1p2G,1200000000,47,47,level1_local_sphere_r0p35,0.334446318417,-0.10311337448,4.00364583333,0.955560909763,-0.294609641371,0.0104166666667,0.294625626268,0.955612756479,-0.0,-0.00995429954666,0.0030690169403,0.999945745056,0.0481056375081,Ex,-0.0001963011663569,0.001618520820994,C:\csttmp\huy_sf_safe_efield96_s\L1_short_dipole_x_1p2G_efield96.cst,1D Results\Probes\E-Field\E-Field (0.334446 -0.103113 4.00365)(X) [1],CST ResultTree 1D complex local Cartesian E-field probe,13,fibonacci_snap_32,fibonacci_snap,32,nearest_full96_cell_aggregation
L1_short_dipole_x_1p2G,1200000000,47,47,level1_local_sphere_r0p35,0.334446318417,-0.10311337448,4.00364583333,0.955560909763,-0.294609641371,0.0104166666667,0.294625626268,0.955612756479,-0.0,-0.00995429954666,0.0030690169403,0.999945745056,0.0481056375081,Ey,0.002079677970144,0.0005829325668361,C:\csttmp\huy_sf_safe_efield96_s\L1_short_dipole_x_1p2G_efield96.cst,1D Results\Probes\E-Field\E-Field (0.334446 -0.103113 4.00365)(Y) [1],CST ResultTree 1D complex local Cartesian E-field probe,13,fibonacci_snap_32,fibonacci_snap,32,nearest_full96_cell_aggregation
L1_short_dipole_x_1p2G,1200000000,47,47,level1_local_sphere_r0p35,0.334446318417,-0.10311337448,4.00364583333,0.955560909763,-0.294609641371,0.0104166666667,0.294625626268,0.955612756479,-0.0,-0.00995429954666,0.0030690169403,0.999945745056,0.0481056375081,Ez,-7.730284297152e-05,-1.737123142396e-05,C:\csttmp\huy_sf_safe_efield96_s\L1_short_dipole_x_1p2G_efield96.cst,1D Results\Probes\E-Field\E-Field (0.334446 -0.103113 4.00365)(Z) [1],CST ResultTree 1D complex local Cartesian E-field probe,13,fibonacci_snap_32,fibonacci_snap,32,nearest_full96_cell_aggregation
L1_short_dipole_x_1p2G,1200000000,48,48,level1_local_sphere_r0p35,-0.176958222919,0.301947835297,3.99635416667,-0.505594922625,0.86270810085,-0.0104166666667,-0.862754909569,-0.505622355137,0.0,-0.00526689953268,0.00898703030801,0.999945745056,0.0641408500108,Ex,0.004475534026589,0.003180109368899,C:\csttmp\huy_sf_safe_efield96_s\L1_short_dipole_x_1p2G_efield96.cst,1D Results\Probes\E-Field\E-Field (-0.176958 0.301948 3.99635)(X) [1],CST ResultTree 1D complex local Cartesian E-field probe,14,fibonacci_snap_32,fibonacci_snap,32,nearest_full96_cell_aggregation
L1_short_dipole_x_1p2G,1200000000,48,48,level1_local_sphere_r0p35,-0.176958222919,0.301947835297,3.99635416667,-0.505594922625,0.86270810085,-0.0104166666667,-0.862754909569,-0.505622355137,0.0,-0.00526689953268,0.00898703030801,0.999945745056,0.0641408500108,Ey,0.003233114031241,0.0009537758487772,C:\csttmp\huy_sf_safe_efield96_s\L1_short_dipole_x_1p2G_efield96.cst,1D Results\Probes\E-Field\E-Field (-0.176958 0.301948 3.99635)(Y) [1],CST ResultTree 1D complex local Cartesian E-field probe,14,fibonacci_snap_32,fibonacci_snap,32,nearest_full96_cell_aggregation
L1_short_dipole_x_1p2G,1200000000,48,48,level1_local_sphere_r0p35,-0.176958222919,0.301947835297,3.99635416667,-0.505594922625,0.86270810085,-0.0104166666667,-0.862754909569,-0.505622355137,0.0,-0.00526689953268,0.00898703030801,0.999945745056,0.0641408500108,Ez,-4.097988535966e-05,-9.766796701679e-06,C:\csttmp\huy_sf_safe_efield96_s\L1_short_dipole_x_1p2G_efield96.cst,1D Results\Probes\E-Field\E-Field (-0.176958 0.301948 3.99635)(Z) [1],CST ResultTree 1D complex local Cartesian E-field probe,14,fibonacci_snap_32,fibonacci_snap,32,nearest_full96_cell_aggregation
L1_short_dipole_x_1p2G,1200000000,49,49,level1_local_sphere_r0p35,-0.0734474433527,-0.342031934414,3.9890625,-0.209849838151,-0.977234098325,-0.03125,0.977711613182,-0.209952379001,0.0,-0.00656101184379,-0.0305534879119,0.999511599482,0.0641408500108,Ex,0.006322356502063,0.003622210790583,C:\csttmp\huy_sf_safe_efield96_s\L1_short_dipole_x_1p2G_efield96.cst,1D Results\Probes\E-Field\E-Field (-0.0734474 -0.342032 3.98906)(X) [1],CST ResultTree 1D complex local Cartesian E-field probe,15,fibonacci_snap_32,fibonacci_snap,32,nearest_full96_cell_aggregation
L1_short_dipole_x_1p2G,1200000000,49,49,level1_local_sphere_r0p35,-0.0734474433527,-0.342031934414,3.9890625,-0.209849838151,-0.977234098325,-0.03125,0.977711613182,-0.209952379001,0.0,-0.00656101184379,-0.0305534879119,0.999511599482,0.0641408500108,Ey,-0.001386067145651,-0.0004718584694717,C:\csttmp\huy_sf_safe_efield96_s\L1_short_dipole_x_1p2G_efield96.cst,1D Results\Probes\E-Field\E-Field (-0.0734474 -0.342032 3.98906)(Y) [1],CST ResultTree 1D complex local Cartesian E-field probe,15,fibonacci_snap_32,fibonacci_snap,32,nearest_full96_cell_aggregation
L1_short_dipole_x_1p2G,1200000000,49,49,level1_local_sphere_r0p35,-0.0734474433527,-0.342031934414,3.9890625,-0.209849838151,-0.977234098325,-0.03125,0.977711613182,-0.209952379001,0.0,-0.00656101184379,-0.0305534879119,0.999511599482,0.0641408500108,Ez,-5.212078660628e-05,-1.33716470361e-05,C:\csttmp\huy_sf_safe_efield96_s\L1_short_dipole_x_1p2G_efield96.cst,1D Results\Probes\E-Field\E-Field (-0.0734474 -0.342032 3.98906)(Z) [1],CST ResultTree 1D complex local Cartesian E-field probe,15,fibonacci_snap_32,fibonacci_snap,32,nearest_full96_cell_aggregation
L1_short_dipole_x_1p2G,1200000000,50,50,level1_local_sphere_r0p35,0.284949194234,0.202414560217,3.98177083333,0.814140554955,0.578327314906,-0.0520833333333,-0.579113321024,0.815247055445,0.0,0.0424607841378,0.0301621521367,0.99864274212,0.0641408500108,Ex,0.001678622967967,0.002281741331609,C:\csttmp\huy_sf_safe_efield96_s\L1_short_dipole_x_1p2G_efield96.cst,1D Results\Probes\E-Field\E-Field (0.284949 0.202415 3.98177)(X) [1],CST ResultTree 1D complex local Cartesian E-field probe,16,fibonacci_snap_32,fibonacci_snap,32,nearest_full96_cell_aggregation
L1_short_dipole_x_1p2G,1200000000,50,50,level1_local_sphere_r0p35,0.284949194234,0.202414560217,3.98177083333,0.814140554955,0.578327314906,-0.0520833333333,-0.579113321024,0.815247055445,0.0,0.0424607841378,0.0301621521367,0.99864274212,0.0641408500108,Ey,-0.003298963773361,-0.0009459249405073,C:\csttmp\huy_sf_safe_efield96_s\L1_short_dipole_x_1p2G_efield96.cst,1D Results\Probes\E-Field\E-Field (0.284949 0.202415 3.98177)(Y) [1],CST ResultTree 1D complex local Cartesian E-field probe,16,fibonacci_snap_32,fibonacci_snap,32,nearest_full96_cell_aggregation
L1_short_dipole_x_1p2G,1200000000,50,50,level1_local_sphere_r0p35,0.284949194234,0.202414560217,3.98177083333,0.814140554955,0.578327314906,-0.0520833333333,-0.579113321024,0.815247055445,0.0,0.0424607841378,0.0301621521367,0.99864274212,0.0641408500108,Ez,0.0003178657559487,7.748603035994e-05,C:\csttmp\huy_sf_safe_efield96_s\L1_short_dipole_x_1p2G_efield96.cst,1D Results\Probes\E-Field\E-Field (0.284949 0.202415 3.98177)(Z) [1],CST ResultTree 1D complex local Cartesian E-field probe,16,fibonacci_snap_32,fibonacci_snap,32,nearest_full96_cell_aggregation
L1_short_dipole_x_1p2G,1200000000,51,51,level1_local_sphere_r0p35,-0.346388597228,0.0431697437643,3.97447916667,-0.989681706365,0.123342125041,-0.0729166666667,-0.123671333575,-0.99232323426,0.0,-0.0723569024981,0.00901770140651,0.997338036837,0.0641408500108,Ex,-0.0007273046095592,0.001663024134224,C:\csttmp\huy_sf_safe_efield96_s\L1_short_dipole_x_1p2G_efield96.cst,1D Results\Probes\E-Field\E-Field (-0.346389 0.0431697 3.97448)(X) [1],CST ResultTree 1D complex local Cartesian E-field probe,17,fibonacci_snap_32,fibonacci_snap,32,nearest_full96_cell_aggregation
L1_short_dipole_x_1p2G,1200000000,51,51,level1_local_sphere_r0p35,-0.346388597228,0.0431697437643,3.97447916667,-0.989681706365,0.123342125041,-0.0729166666667,-0.123671333575,-0.99232323426,0.0,-0.0723569024981,0.00901770140651,0.997338036837,0.0641408500108,Ey,0.0009327072827322,0.0002378616093475,C:\csttmp\huy_sf_safe_efield96_s\L1_short_dipole_x_1p2G_efield96.cst,1D Results\Probes\E-Field\E-Field (-0.346389 0.0431697 3.97448)(Y) [1],CST ResultTree 1D complex local Cartesian E-field probe,17,fibonacci_snap_32,fibonacci_snap,32,nearest_full96_cell_aggregation
L1_short_dipole_x_1p2G,1200000000,51,51,level1_local_sphere_r0p35,-0.346388597228,0.0431697437643,3.97447916667,-0.989681706365,0.123342125041,-0.0729166666667,-0.123671333575,-0.99232323426,0.0,-0.0723569024981,0.00901770140651,0.997338036837,0.0641408500108,Ez,-0.0005598500356082,-0.0001285036835928,C:\csttmp\huy_sf_safe_efield96_s\L1_short_dipole_x_1p2G_efield96.cst,1D Results\Probes\E-Field\E-Field (-0.346389 0.0431697 3.97448)(Z) [1],CST ResultTree 1D complex local Cartesian E-field probe,17,fibonacci_snap_32,fibonacci_snap,32,nearest_full96_cell_aggregation
L1_short_dipole_x_1p2G,1200000000,52,52,level1_local_sphere_r0p35,0.225860178959,-0.265349805737,3.9671875,0.645314797024,-0.758142302105,-0.09375,0.761496106001,0.648169484429,-0.0,0.0607658891652,-0.0713902599376,0.99559577013,0.0481056375081,Ex,0.003311590276151,0.002860438341461,C:\csttmp\huy_sf_safe_efield96_s\L1_short_dipole_x_1p2G_efield96.cst,1D Results\Probes\E-Field\E-Field (0.22586 -0.26535 3.96719)(X) [1],CST ResultTree 1D complex local Cartesian E-field probe,18,fibonacci_snap_32,fibonacci_snap,32,nearest_full96_cell_aggregation
L1_short_dipole_x_1p2G,1200000000,52,52,level1_local_sphere_r0p35,0.225860178959,-0.265349805737,3.9671875,0.645314797024,-0.758142302105,-0.09375,0.761496106001,0.648169484429,-0.0,0.0607658891652,-0.0713902599376,0.99559577013,0.0481056375081,Ey,0.003606477346921,0.001098549504827,C:\csttmp\huy_sf_safe_efield96_s\L1_short_dipole_x_1p2G_efield96.cst,1D Results\Probes\E-Field\E-Field (0.22586 -0.26535 3.96719)(Y) [1],CST ResultTree 1D complex local Cartesian E-field probe,18,fibonacci_snap_32,fibonacci_snap,32,nearest_full96_cell_aggregation
L1_short_dipole_x_1p2G,1200000000,52,52,level1_local_sphere_r0p35,0.225860178959,-0.265349805737,3.9671875,0.645314797024,-0.758142302105,-0.09375,0.761496106001,0.648169484429,-0.0,0.0607658891652,-0.0713902599376,0.99559577013,0.0481056375081,Ez,0.0004536085620789,0.0001191988091053,C:\csttmp\huy_sf_safe_efield96_s\L1_short_dipole_x_1p2G_efield96.cst,1D Results\Probes\E-Field\E-Field (0.22586 -0.26535 3.96719)(Z) [1],CST ResultTree 1D complex local Cartesian E-field probe,18,fibonacci_snap_32,fibonacci_snap,32,nearest_full96_cell_aggregation
L1_short_dipole_x_1p2G,1200000000,53,53,level1_local_sphere_r0p35,0.0126711182461,0.34746380902,3.95989583333,0.0362031949889,0.992753740056,-0.114583333333,-0.999335725111,0.0364432231839,0.0,0.00417578598983,0.114507218502,0.993413639791,0.0481056375081,Ex,0.006537592004705,0.00356618172156,C:\csttmp\huy_sf_safe_efield96_s\L1_short_dipole_x_1p2G_efield96.cst,1D Results\Probes\E-Field\E-Field (0.0126711 0.347464 3.9599)(X) [1],CST ResultTree 1D complex local Cartesian E-field probe,19,fibonacci_snap_32,fibonacci_snap,32,nearest_full96_cell_aggregation
L1_short_dipole_x_1p2G,1200000000,53,53,level1_local_sphere_r0p35,0.0126711182461,0.34746380902,3.95989583333,0.0362031949889,0.992753740056,-0.114583333333,-0.999335725111,0.0364432231839,0.0,0.00417578598983,0.114507218502,0.993413639791,0.0481056375081,Ey,-0.0002300934229251,-0.0001033513470228,C:\csttmp\huy_sf_safe_efield96_s\L1_short_dipole_x_1p2G_efield96.cst,1D Results\Probes\E-Field\E-Field (0.0126711 0.347464 3.9599)(Y) [1],CST ResultTree 1D complex local Cartesian E-field probe,19,fibonacci_snap_32,fibonacci_snap,32,nearest_full96_cell_aggregation
L1_short_dipole_x_1p2G,1200000000,53,53,level1_local_sphere_r0p35,0.0126711182461,0.34746380902,3.95989583333,0.0362031949889,0.992753740056,-0.114583333333,-0.999335725111,0.0364432231839,0.0,0.00417578598983,0.114507218502,0.993413639791,0.0481056375081,Ez,3.249130216185e-05,9.078261208261e-06,C:\csttmp\huy_sf_safe_efield96_s\L1_short_dipole_x_1p2G_efield96.cst,1D Results\Probes\E-Field\E-Field (0.0126711 0.347464 3.9599)(Z) [1],CST ResultTree 1D complex local Cartesian E-field probe,19,fibonacci_snap_32,fibonacci_snap,32,nearest_full96_cell_aggregation
L1_short_dipole_x_1p2G,1200000000,54,54,level1_local_sphere_r0p35,-0.243406860154,-0.246995415772,3.95260416667,-0.695448171869,-0.705701187921,-0.135416666667,0.712262018897,-0.701913681614,0.0,-0.0950508110519,-0.0964521483923,0.990788739535,0.0481056375081,Ex,0.002831322167534,0.002731799292394,C:\csttmp\huy_sf_safe_efield96_s\L1_short_dipole_x_1p2G_efield96.cst,1D Results\Probes\E-Field\E-Field (-0.243407 -0.246995 3.9526)(X) [1],CST ResultTree 1D complex local Cartesian E-field probe,20,fibonacci_snap_32,fibonacci_snap,32,nearest_full96_cell_aggregation
L1_short_dipole_x_1p2G,1200000000,54,54,level1_local_sphere_r0p35,-0.243406860154,-0.246995415772,3.95260416667,-0.695448171869,-0.705701187921,-0.135416666667,0.712262018897,-0.701913681614,0.0,-0.0950508110519,-0.0964521483923,0.990788739535,0.0481056375081,Ey,-0.003581617087647,-0.001056036836335,C:\csttmp\huy_sf_safe_efield96_s\L1_short_dipole_x_1p2G_efield96.cst,1D Results\Probes\E-Field\E-Field (-0.243407 -0.246995 3.9526)(Y) [1],CST ResultTree 1D complex local Cartesian E-field probe,20,fibonacci_snap_32,fibonacci_snap,32,nearest_full96_cell_aggregation
L1_short_dipole_x_1p2G,1200000000,54,54,level1_local_sphere_r0p35,-0.243406860154,-0.246995415772,3.95260416667,-0.695448171869,-0.705701187921,-0.135416666667,0.712262018897,-0.701913681614,0.0,-0.0950508110519,-0.0964521483923,0.990788739535,0.0481056375081,Ez,-0.0007001029149038,-0.0001906874916825,C:\csttmp\huy_sf_safe_efield96_s\L1_short_dipole_x_1p2G_efield96.cst,1D Results\Probes\E-Field\E-Field (-0.243407 -0.246995 3.9526)(Z) [1],CST ResultTree 1D complex local Cartesian E-field probe,20,fibonacci_snap_32,fibonacci_snap,32,nearest_full96_cell_aggregation
L1_short_dipole_x_1p2G,1200000000,55,55,level1_local_sphere_r0p35,0.345250131755,0.0176528713454,3.9453125,0.986428947872,0.0504367752725,-0.15625,-0.0510639664318,0.998695384656,0.0,0.156046153852,0.00797874475497,0.98771753933,0.0481056375081,Ex,-0.0006625671599033,0.001646411980717,C:\csttmp\huy_sf_safe_efield96_s\L1_short_dipole_x_1p2G_efield96.cst,1D Results\Probes\E-Field\E-Field (0.34525 0.0176529 3.94531)(X) [1],CST ResultTree 1D complex local Cartesian E-field probe,21,fibonacci_snap_32,fibonacci_snap,32,nearest_full96_cell_aggregation
L1_short_dipole_x_1p2G,1200000000,55,55,level1_local_sphere_r0p35,0.345250131755,0.0176528713454,3.9453125,0.986428947872,0.0504367752725,-0.15625,-0.0510639664318,0.998695384656,0.0,0.156046153852,0.00797874475497,0.98771753933,0.0481056375081,Ey,-0.000366823377637,-0.0001037366532663,C:\csttmp\huy_sf_safe_efield96_s\L1_short_dipole_x_1p2G_efield96.cst,1D Results\Probes\E-Field\E-Field (0.34525 0.0176529 3.94531)(Y) [1],CST ResultTree 1D complex local Cartesian E-field probe,21,fibonacci_snap_32,fibonacci_snap,32,nearest_full96_cell_aggregation
L1_short_dipole_x_1p2G,1200000000,55,55,level1_local_sphere_r0p35,0.345250131755,0.0176528713454,3.9453125,0.986428947872,0.0504367752725,-0.15625,-0.0510639664318,0.998695384656,0.0,0.156046153852,0.00797874475497,0.98771753933,0.0481056375081,Ez,0.001187117472065,0.0002927217066229,C:\csttmp\huy_sf_safe_efield96_s\L1_short_dipole_x_1p2G_efield96.cst,1D Results\Probes\E-Field\E-Field (0.34525 0.0176529 3.94531)(Z) [1],CST ResultTree 1D complex local Cartesian E-field probe,21,fibonacci_snap_32,fibonacci_snap,32,nearest_full96_cell_aggregation
L1_short_dipole_x_1p2G,1200000000,77,77,level1_local_sphere_r0p35,-0.234394005023,0.145909725145,3.78489583333,-0.669697157208,0.416884928987,-0.614583333333,-0.528470460541,-0.848951690225,0.0,-0.521751559617,0.324789137207,0.788851903965,0.0481056375081,Ex,0.003253118085884,0.002522417662662,C:\csttmp\huy_sf_safe_efield96_s\L1_short_dipole_x_1p2G_efield96.cst,1D Results\Probes\E-Field\E-Field (-0.234394 0.14591 3.7849)(X) [1],CST ResultTree 1D complex local Cartesian E-field probe,22,fibonacci_snap_32,fibonacci_snap,32,nearest_full96_cell_aggregation
L1_short_dipole_x_1p2G,1200000000,77,77,level1_local_sphere_r0p35,-0.234394005023,0.145909725145,3.78489583333,-0.669697157208,0.416884928987,-0.614583333333,-0.528470460541,-0.848951690225,0.0,-0.521751559617,0.324789137207,0.788851903965,0.0481056375081,Ey,0.002025686214912,0.0006250038026293,C:\csttmp\huy_sf_safe_efield96_s\L1_short_dipole_x_1p2G_efield96.cst,1D Results\Probes\E-Field\E-Field (-0.234394 0.14591 3.7849)(Y) [1],CST ResultTree 1D complex local Cartesian E-field probe,22,fibonacci_snap_32,fibonacci_snap,32,nearest_full96_cell_aggregation
L1_short_dipole_x_1p2G,1200000000,77,77,level1_local_sphere_r0p35,-0.234394005023,0.145909725145,3.78489583333,-0.669697157208,0.416884928987,-0.614583333333,-0.528470460541,-0.848951690225,0.0,-0.521751559617,0.324789137207,0.788851903965,0.0481056375081,Ez,-0.002963025136042,-0.000852570790861,C:\csttmp\huy_sf_safe_efield96_s\L1_short_dipole_x_1p2G_efield96.cst,1D Results\Probes\E-Field\E-Field (-0.234394 0.14591 3.7849)(Z) [1],CST ResultTree 1D complex local Cartesian E-field probe,22,fibonacci_snap_32,fibonacci_snap,32,nearest_full96_cell_aggregation
L1_short_dipole_x_1p2G,1200000000,78,78,level1_local_sphere_r0p35,0.0727035072171,-0.260296548871,3.77760416667,0.207724306334,-0.743704425347,-0.635416666667,0.96313629763,0.269013888465,-0.0,0.170935908295,-0.611992855786,0.772169450135,0.0481056375081,Ex,0.005993905053971,0.003657105919634,C:\csttmp\huy_sf_safe_efield96_s\L1_short_dipole_x_1p2G_efield96.cst,1D Results\Probes\E-Field\E-Field (0.0727035 -0.260297 3.7776)(X) [1],CST ResultTree 1D complex local Cartesian E-field probe,23,fibonacci_snap_32,fibonacci_snap,32,nearest_full96_cell_aggregation
L1_short_dipole_x_1p2G,1200000000,78,78,level1_local_sphere_r0p35,0.0727035072171,-0.260296548871,3.77760416667,0.207724306334,-0.743704425347,-0.635416666667,0.96313629763,0.269013888465,-0.0,0.170935908295,-0.611992855786,0.772169450135,0.0481056375081,Ey,0.001075250127091,0.0003087674761004,C:\csttmp\huy_sf_safe_efield96_s\L1_short_dipole_x_1p2G_efield96.cst,1D Results\Probes\E-Field\E-Field (0.0727035 -0.260297 3.7776)(Y) [1],CST ResultTree 1D complex local Cartesian E-field probe,23,fibonacci_snap_32,fibonacci_snap,32,nearest_full96_cell_aggregation
