sample_id,frequency_hz,sensor_id,node_id,prior_id,x_m,y_m,z_m,normal_x,normal_y,normal_z,tangent1_x,tangent1_y,tangent1_z,tangent2_x,tangent2_y,tangent2_z,weight_m2,polarization,h_real,h_imag,cst_project,cst_probe_item,extraction_method,selection_order,layout_candidate,layout_method,layout_sensor_count,weighting_model
L1_short_dipole_x_1p2G,1200000000,0,0,level1_local_sphere_r0p35,0.050386419129,0.0,4.34635416667,0.143961197511,0.0,0.989583333333,0.0,-1.0,0.0,0.989583333333,0.0,-0.143961197511,0.0641408500108,Hx,5.39506762849e-13,1.8276006824550002e-11,C:\csttmp\huy_sf_safe_hfield96_s\L1_short_dipole_x_1p2G_hfield96.cst,1D Results\Probes\H-Field\H-Field (0.0503864 0 4.34635)(X) [1],CST ResultTree 1D complex local Cartesian H-field probe,0,fibonacci_snap_24,fibonacci_snap,24,nearest_full96_cell_aggregation
L1_short_dipole_x_1p2G,1200000000,0,0,level1_local_sphere_r0p35,0.050386419129,0.0,4.34635416667,0.143961197511,0.0,0.989583333333,0.0,-1.0,0.0,0.989583333333,0.0,-0.143961197511,0.0641408500108,Hy,1.625745067336e-05,1.128090851063e-05,C:\csttmp\huy_sf_safe_hfield96_s\L1_short_dipole_x_1p2G_hfield96.cst,1D Results\Probes\H-Field\H-Field (0.0503864 0 4.34635)(Y) [1],CST ResultTree 1D complex local Cartesian H-field probe,0,fibonacci_snap_24,fibonacci_snap,24,nearest_full96_cell_aggregation
L1_short_dipole_x_1p2G,1200000000,0,0,level1_local_sphere_r0p35,0.050386419129,0.0,4.34635416667,0.143961197511,0.0,0.989583333333,0.0,-1.0,0.0,0.989583333333,0.0,-0.143961197511,0.0641408500108,Hz,3.048544512796e-07,-8.794245824097e-08,C:\csttmp\huy_sf_safe_hfield96_s\L1_short_dipole_x_1p2G_hfield96.cst,1D Results\Probes\H-Field\H-Field (0.0503864 0 4.34635)(Z) [1],CST ResultTree 1D complex local Cartesian H-field probe,0,fibonacci_snap_24,fibonacci_snap,24,nearest_full96_cell_aggregation
L1_short_dipole_x_1p2G,1200000000,9,9,level1_local_sphere_r0p35,-0.193210631957,0.0797545401925,4.28072916667,-0.552030377021,0.227870114836,0.802083333333,-0.381556408475,-0.924345556138,0.0,0.741402164819,-0.306040035964,0.597212128468,0.0641408500108,Hx,2.0282345448470002e-11,-4.6616872086090005e-11,C:\csttmp\huy_sf_safe_hfield96_s\L1_short_dipole_x_1p2G_hfield96.cst,1D Results\Probes\H-Field\H-Field (-0.193211 0.0797545 4.28073)(X) [1],CST ResultTree 1D complex local Cartesian H-field probe,1,fibonacci_snap_24,fibonacci_snap,24,nearest_full96_cell_aggregation
L1_short_dipole_x_1p2G,1200000000,9,9,level1_local_sphere_r0p35,-0.193210631957,0.0797545401925,4.28072916667,-0.552030377021,0.227870114836,0.802083333333,-0.381556408475,-0.924345556138,0.0,0.741402164819,-0.306040035964,0.597212128468,0.0641408500108,Hy,1.39130624699e-05,7.701612970892e-06,C:\csttmp\huy_sf_safe_hfield96_s\L1_short_dipole_x_1p2G_hfield96.cst,1D Results\Probes\H-Field\H-Field (-0.193211 0.0797545 4.28073)(Y) [1],CST ResultTree 1D complex local Cartesian H-field probe,1,fibonacci_snap_24,fibonacci_snap,24,nearest_full96_cell_aggregation
L1_short_dipole_x_1p2G,1200000000,9,9,level1_local_sphere_r0p35,-0.193210631957,0.0797545401925,4.28072916667,-0.552030377021,0.227870114836,0.802083333333,-0.381556408475,-0.924345556138,0.0,0.741402164819,-0.306040035964,0.597212128468,0.0641408500108,Hz,-4.281429945171e-06,-2.06415504524e-06,C:\csttmp\huy_sf_safe_hfield96_s\L1_short_dipole_x_1p2G_hfield96.cst,1D Results\Probes\H-Field\H-Field (-0.193211 0.0797545 4.28073)(Z) [1],CST ResultTree 1D complex local Cartesian H-field probe,1,fibonacci_snap_24,fibonacci_snap,24,nearest_full96_cell_aggregation
L1_short_dipole_x_1p2G,1200000000,10,10,level1_local_sphere_r0p35,0.0926003435022,-0.197881555424,4.2734375,0.264572410006,-0.56537587264,0.78125,0.905734272556,0.423845995048,-0.0,-0.331129683631,0.707604900434,0.624218261107,0.0801760625135,Hx,-2.471133983709e-13,2.4199798078290003e-11,C:\csttmp\huy_sf_safe_hfield96_s\L1_short_dipole_x_1p2G_hfield96.cst,1D Results\Probes\H-Field\H-Field (0.0926003 -0.197882 4.27344)(X) [1],CST ResultTree 1D complex local Cartesian H-field probe,2,fibonacci_snap_24,fibonacci_snap,24,nearest_full96_cell_aggregation
L1_short_dipole_x_1p2G,1200000000,10,10,level1_local_sphere_r0p35,0.0926003435022,-0.197881555424,4.2734375,0.264572410006,-0.56537587264,0.78125,0.905734272556,0.423845995048,-0.0,-0.331129683631,0.707604900434,0.624218261107,0.0801760625135,Hy,1.381649571302e-05,7.545993280424e-06,C:\csttmp\huy_sf_safe_hfield96_s\L1_short_dipole_x_1p2G_hfield96.cst,1D Results\Probes\H-Field\H-Field (0.0926003 -0.197882 4.27344)(Y) [1],CST ResultTree 1D complex local Cartesian H-field probe,2,fibonacci_snap_24,fibonacci_snap,24,nearest_full96_cell_aggregation
L1_short_dipole_x_1p2G,1200000000,10,10,level1_local_sphere_r0p35,0.0926003435022,-0.197881555424,4.2734375,0.264572410006,-0.56537587264,0.78125,0.905734272556,0.423845995048,-0.0,-0.331129683631,0.707604900434,0.624218261107,0.0801760625135,Hz,9.293779655606e-06,5.297382278301e-06,C:\csttmp\huy_sf_safe_hfield96_s\L1_short_dipole_x_1p2G_hfield96.cst,1D Results\Probes\H-Field\H-Field (0.0926003 -0.197882 4.27344)(Z) [1],CST ResultTree 1D complex local Cartesian H-field probe,2,fibonacci_snap_24,fibonacci_snap,24,nearest_full96_cell_aggregation
L1_short_dipole_x_1p2G,1200000000,16,16,level1_local_sphere_r0p35,0.201936333078,0.170192155303,4.2296875,0.576960951652,0.486263300866,0.65625,-0.644446982884,0.764648995456,0.0,-0.501800903268,-0.422918332518,0.754543529228,0.0641408500108,Hx,-8.431353106627e-12,4.4249132201910004e-11,C:\csttmp\huy_sf_safe_hfield96_s\L1_short_dipole_x_1p2G_hfield96.cst,1D Results\Probes\H-Field\H-Field (0.201936 0.170192 4.22969)(X) [1],CST ResultTree 1D complex local Cartesian H-field probe,3,fibonacci_snap_24,fibonacci_snap,24,nearest_full96_cell_aggregation
L1_short_dipole_x_1p2G,1200000000,16,16,level1_local_sphere_r0p35,0.201936333078,0.170192155303,4.2296875,0.576960951652,0.486263300866,0.65625,-0.644446982884,0.764648995456,0.0,-0.501800903268,-0.422918332518,0.754543529228,0.0641408500108,Hy,1.109770447887e-05,5.780600660874e-06,C:\csttmp\huy_sf_safe_hfield96_s\L1_short_dipole_x_1p2G_hfield96.cst,1D Results\Probes\H-Field\H-Field (0.201936 0.170192 4.22969)(Y) [1],CST ResultTree 1D complex local Cartesian H-field probe,3,fibonacci_snap_24,fibonacci_snap,24,nearest_full96_cell_aggregation
L1_short_dipole_x_1p2G,1200000000,16,16,level1_local_sphere_r0p35,0.201936333078,0.170192155303,4.2296875,0.576960951652,0.486263300866,0.65625,-0.644446982884,0.764648995456,0.0,-0.501800903268,-0.422918332518,0.754543529228,0.0641408500108,Hz,-8.137461077429e-06,-4.678577465441e-06,C:\csttmp\huy_sf_safe_hfield96_s\L1_short_dipole_x_1p2G_hfield96.cst,1D Results\Probes\H-Field\H-Field (0.201936 0.170192 4.22969)(Z) [1],CST ResultTree 1D complex local Cartesian H-field probe,3,fibonacci_snap_24,fibonacci_snap,24,nearest_full96_cell_aggregation
L1_short_dipole_x_1p2G,1200000000,17,17,level1_local_sphere_r0p35,-0.270028520695,0.0111665270975,4.22239583333,-0.771510059128,0.0319043631356,0.635416666667,-0.0413178261974,-0.999146054007,0.0,0.63487405515,-0.0262540353962,0.772169450135,0.0481056375081,Hx,1.8657459563430003e-11,-4.9957486987700003e-11,C:\csttmp\huy_sf_safe_hfield96_s\L1_short_dipole_x_1p2G_hfield96.cst,1D Results\Probes\H-Field\H-Field (-0.270029 0.0111665 4.2224)(X) [1],CST ResultTree 1D complex local Cartesian H-field probe,4,fibonacci_snap_24,fibonacci_snap,24,nearest_full96_cell_aggregation
L1_short_dipole_x_1p2G,1200000000,17,17,level1_local_sphere_r0p35,-0.270028520695,0.0111665270975,4.22239583333,-0.771510059128,0.0319043631356,0.635416666667,-0.0413178261974,-0.999146054007,0.0,0.63487405515,-0.0262540353962,0.772169450135,0.0481056375081,Hy,1.07623146656e-05,5.882896295498e-06,C:\csttmp\huy_sf_safe_hfield96_s\L1_short_dipole_x_1p2G_hfield96.cst,1D Results\Probes\H-Field\H-Field (-0.270029 0.0111665 4.2224)(Y) [1],CST ResultTree 1D complex local Cartesian H-field probe,4,fibonacci_snap_24,fibonacci_snap,24,nearest_full96_cell_aggregation
L1_short_dipole_x_1p2G,1200000000,17,17,level1_local_sphere_r0p35,-0.270028520695,0.0111665270975,4.22239583333,-0.771510059128,0.0319043631356,0.635416666667,-0.0413178261974,-0.999146054007,0.0,0.63487405515,-0.0262540353962,0.772169450135,0.0481056375081,Hz,-5.210821378026e-07,-3.21491725574e-07,C:\csttmp\huy_sf_safe_hfield96_s\L1_short_dipole_x_1p2G_hfield96.cst,1D Results\Probes\H-Field\H-Field (-0.270029 0.0111665 4.2224)(Z) [1],CST ResultTree 1D complex local Cartesian H-field probe,4,fibonacci_snap_24,fibonacci_snap,24,nearest_full96_cell_aggregation
L1_short_dipole_x_1p2G,1200000000,26,26,level1_local_sphere_r0p35,0.28407177367,-0.131248364636,4.15677083333,0.811633639058,-0.374995327533,0.447916666667,0.419422528944,0.907791133584,-0.0,-0.406614778585,0.187866341089,0.894075309872,0.0481056375081,Hx,-7.605946692362e-12,4.037048432175e-11,C:\csttmp\huy_sf_safe_hfield96_s\L1_short_dipole_x_1p2G_hfield96.cst,1D Results\Probes\H-Field\H-Field (0.284072 -0.131248 4.15677)(X) [1],CST ResultTree 1D complex local Cartesian H-field probe,5,fibonacci_snap_24,fibonacci_snap,24,nearest_full96_cell_aggregation
L1_short_dipole_x_1p2G,1200000000,26,26,level1_local_sphere_r0p35,0.28407177367,-0.131248364636,4.15677083333,0.811633639058,-0.374995327533,0.447916666667,0.419422528944,0.907791133584,-0.0,-0.406614778585,0.187866341089,0.894075309872,0.0481056375081,Hy,7.611222445614e-06,4.326761760983e-06,C:\csttmp\huy_sf_safe_hfield96_s\L1_short_dipole_x_1p2G_hfield96.cst,1D Results\Probes\H-Field\H-Field (0.284072 -0.131248 4.15677)(Y) [1],CST ResultTree 1D complex local Cartesian H-field probe,5,fibonacci_snap_24,fibonacci_snap,24,nearest_full96_cell_aggregation
L1_short_dipole_x_1p2G,1200000000,26,26,level1_local_sphere_r0p35,0.28407177367,-0.131248364636,4.15677083333,0.811633639058,-0.374995327533,0.447916666667,0.419422528944,0.907791133584,-0.0,-0.406614778585,0.187866341089,0.894075309872,0.0481056375081,Hz,6.41736097353e-06,3.673976083492e-06,C:\csttmp\huy_sf_safe_hfield96_s\L1_short_dipole_x_1p2G_hfield96.cst,1D Results\Probes\H-Field\H-Field (0.284072 -0.131248 4.15677)(Z) [1],CST ResultTree 1D complex local Cartesian H-field probe,5,fibonacci_snap_24,fibonacci_snap,24,nearest_full96_cell_aggregation
L1_short_dipole_x_1p2G,1200000000,27,27,level1_local_sphere_r0p35,-0.122178408413,0.291939060851,4.14947916667,-0.349081166895,0.83411160243,0.427083333333,-0.922473219561,-0.386061082204,0.0,0.164880253858,-0.393972937521,0.904212268435,0.0641408500108,Hx,8.557666662313e-12,-1.467588525942e-11,C:\csttmp\huy_sf_safe_hfield96_s\L1_short_dipole_x_1p2G_hfield96.cst,1D Results\Probes\H-Field\H-Field (-0.122178 0.291939 4.14948)(X) [1],CST ResultTree 1D complex local Cartesian H-field probe,6,fibonacci_snap_24,fibonacci_snap,24,nearest_full96_cell_aggregation
L1_short_dipole_x_1p2G,1200000000,27,27,level1_local_sphere_r0p35,-0.122178408413,0.291939060851,4.14947916667,-0.349081166895,0.83411160243,0.427083333333,-0.922473219561,-0.386061082204,0.0,0.164880253858,-0.393972937521,0.904212268435,0.0641408500108,Hy,7.154274282986e-06,4.177387613637e-06,C:\csttmp\huy_sf_safe_hfield96_s\L1_short_dipole_x_1p2G_hfield96.cst,1D Results\Probes\H-Field\H-Field (-0.122178 0.291939 4.14948)(Y) [1],CST ResultTree 1D complex local Cartesian H-field probe,6,fibonacci_snap_24,fibonacci_snap,24,nearest_full96_cell_aggregation
L1_short_dipole_x_1p2G,1200000000,27,27,level1_local_sphere_r0p35,-0.122178408413,0.291939060851,4.14947916667,-0.349081166895,0.83411160243,0.427083333333,-0.922473219561,-0.386061082204,0.0,0.164880253858,-0.393972937521,0.904212268435,0.0641408500108,Hz,-1.467138919789e-05,-7.924014233637e-06,C:\csttmp\huy_sf_safe_hfield96_s\L1_short_dipole_x_1p2G_hfield96.cst,1D Results\Probes\H-Field\H-Field (-0.122178 0.291939 4.14948)(Z) [1],CST ResultTree 1D complex local Cartesian H-field probe,6,fibonacci_snap_24,fibonacci_snap,24,nearest_full96_cell_aggregation
L1_short_dipole_x_1p2G,1200000000,28,28,level1_local_sphere_r0p35,-0.108242687555,-0.300942246012,4.1421875,-0.309264821585,-0.859834988605,0.40625,0.940983556986,-0.338452279475,0.0,0.137496238537,0.382274570026,0.913761969826,0.0962112750162,Hx,6.237158815035e-12,-1.18761606545e-11,C:\csttmp\huy_sf_safe_hfield96_s\L1_short_dipole_x_1p2G_hfield96.cst,1D Results\Probes\H-Field\H-Field (-0.108243 -0.300942 4.14219)(X) [1],CST ResultTree 1D complex local Cartesian H-field probe,7,fibonacci_snap_24,fibonacci_snap,24,nearest_full96_cell_aggregation
L1_short_dipole_x_1p2G,1200000000,28,28,level1_local_sphere_r0p35,-0.108242687555,-0.300942246012,4.1421875,-0.309264821585,-0.859834988605,0.40625,0.940983556986,-0.338452279475,0.0,0.137496238537,0.382274570026,0.913761969826,0.0962112750162,Hy,6.964848886189e-06,3.931464082244e-06,C:\csttmp\huy_sf_safe_hfield96_s\L1_short_dipole_x_1p2G_hfield96.cst,1D Results\Probes\H-Field\H-Field (-0.108243 -0.300942 4.14219)(Y) [1],CST ResultTree 1D complex local Cartesian H-field probe,7,fibonacci_snap_24,fibonacci_snap,24,nearest_full96_cell_aggregation
L1_short_dipole_x_1p2G,1200000000,28,28,level1_local_sphere_r0p35,-0.108242687555,-0.300942246012,4.1421875,-0.309264821585,-0.859834988605,0.40625,0.940983556986,-0.338452279475,0.0,0.137496238537,0.382274570026,0.913761969826,0.0962112750162,Hz,1.505042731072e-05,8.553665619863e-06,C:\csttmp\huy_sf_safe_hfield96_s\L1_short_dipole_x_1p2G_hfield96.cst,1D Results\Probes\H-Field\H-Field (-0.108243 -0.300942 4.14219)(Z) [1],CST ResultTree 1D complex local Cartesian H-field probe,7,fibonacci_snap_24,fibonacci_snap,24,nearest_full96_cell_aggregation
L1_short_dipole_x_1p2G,1200000000,29,29,level1_local_sphere_r0p35,0.285880715676,0.150250892024,4.13489583333,0.816802044788,0.429288262926,0.385416666667,-0.465230759849,0.885189437403,0.0,-0.341166762332,-0.179307688692,0.922742647251,0.0801760625135,Hx,-8.102701732083e-12,3.5313436769980005e-11,C:\csttmp\huy_sf_safe_hfield96_s\L1_short_dipole_x_1p2G_hfield96.cst,1D Results\Probes\H-Field\H-Field (0.285881 0.150251 4.1349)(X) [1],CST ResultTree 1D complex local Cartesian H-field probe,8,fibonacci_snap_24,fibonacci_snap,24,nearest_full96_cell_aggregation
L1_short_dipole_x_1p2G,1200000000,29,29,level1_local_sphere_r0p35,0.285880715676,0.150250892024,4.13489583333,0.816802044788,0.429288262926,0.385416666667,-0.465230759849,0.885189437403,0.0,-0.341166762332,-0.179307688692,0.922742647251,0.0801760625135,Hy,6.72428918189e-06,3.741517696669e-06,C:\csttmp\huy_sf_safe_hfield96_s\L1_short_dipole_x_1p2G_hfield96.cst,1D Results\Probes\H-Field\H-Field (0.285881 0.150251 4.1349)(Y) [1],CST ResultTree 1D complex local Cartesian H-field probe,8,fibonacci_snap_24,fibonacci_snap,24,nearest_full96_cell_aggregation
L1_short_dipole_x_1p2G,1200000000,29,29,level1_local_sphere_r0p35,0.285880715676,0.150250892024,4.13489583333,0.816802044788,0.429288262926,0.385416666667,-0.465230759849,0.885189437403,0.0,-0.341166762332,-0.179307688692,0.922742647251,0.0801760625135,Hz,-7.458522363576e-06,-4.148921780009e-06,C:\csttmp\huy_sf_safe_hfield96_s\L1_short_dipole_x_1p2G_hfield96.cst,1D Results\Probes\H-Field\H-Field (0.285881 0.150251 4.1349)(Z) [1],CST ResultTree 1D complex local Cartesian H-field probe,8,fibonacci_snap_24,fibonacci_snap,24,nearest_full96_cell_aggregation
L1_short_dipole_x_1p2G,1200000000,43,43,level1_local_sphere_r0p35,-0.310018771595,0.159096515054,4.0328125,-0.885767918844,0.454561471583,0.09375,-0.456572321037,-0.889686301829,0.0,0.0834080907965,-0.0428036550972,0.99559577013,0.0641408500108,Hx,3.21841445779e-12,-9.181654120654e-12,C:\csttmp\huy_sf_safe_hfield96_s\L1_short_dipole_x_1p2G_hfield96.cst,1D Results\Probes\H-Field\H-Field (-0.310019 0.159097 4.03281)(X) [1],CST ResultTree 1D complex local Cartesian H-field probe,9,fibonacci_snap_24,fibonacci_snap,24,nearest_full96_cell_aggregation
L1_short_dipole_x_1p2G,1200000000,43,43,level1_local_sphere_r0p35,-0.310018771595,0.159096515054,4.0328125,-0.885767918844,0.454561471583,0.09375,-0.456572321037,-0.889686301829,0.0,0.0834080907965,-0.0428036550972,0.99559577013,0.0641408500108,Hy,1.854080893099e-06,8.537620519941e-07,C:\csttmp\huy_sf_safe_hfield96_s\L1_short_dipole_x_1p2G_hfield96.cst,1D Results\Probes\H-Field\H-Field (-0.310019 0.159097 4.03281)(Y) [1],CST ResultTree 1D complex local Cartesian H-field probe,9,fibonacci_snap_24,fibonacci_snap,24,nearest_full96_cell_aggregation
L1_short_dipole_x_1p2G,1200000000,43,43,level1_local_sphere_r0p35,-0.310018771595,0.159096515054,4.0328125,-0.885767918844,0.454561471583,0.09375,-0.456572321037,-0.889686301829,0.0,0.0834080907965,-0.0428036550972,0.99559577013,0.0641408500108,Hz,-7.724930990687e-06,-4.51682221045e-06,C:\csttmp\huy_sf_safe_hfield96_s\L1_short_dipole_x_1p2G_hfield96.cst,1D Results\Probes\H-Field\H-Field (-0.310019 0.159097 4.03281)(Z) [1],CST ResultTree 1D complex local Cartesian H-field probe,9,fibonacci_snap_24,fibonacci_snap,24,nearest_full96_cell_aggregation
L1_short_dipole_x_1p2G,1200000000,44,44,level1_local_sphere_r0p35,0.121342016448,-0.327299254674,4.02552083333,0.346691475567,-0.93514072764,0.0729166666667,0.937636681948,0.347616818733,-0.0,-0.0253470596993,0.068369341392,0.997338036837,0.0641408500108,Hx,-9.897277176196999e-14,3.032348911763e-12,C:\csttmp\huy_sf_safe_hfield96_s\L1_short_dipole_x_1p2G_hfield96.cst,1D Results\Probes\H-Field\H-Field (0.121342 -0.327299 4.02552)(X) [1],CST ResultTree 1D complex local Cartesian H-field probe,10,fibonacci_snap_24,fibonacci_snap,24,nearest_full96_cell_aggregation
L1_short_dipole_x_1p2G,1200000000,44,44,level1_local_sphere_r0p35,0.121342016448,-0.327299254674,4.02552083333,0.346691475567,-0.93514072764,0.0729166666667,0.937636681948,0.347616818733,-0.0,-0.0253470596993,0.068369341392,0.997338036837,0.0641408500108,Hy,1.500982830066e-06,5.783243404364e-07,C:\csttmp\huy_sf_safe_hfield96_s\L1_short_dipole_x_1p2G_hfield96.cst,1D Results\Probes\H-Field\H-Field (0.121342 -0.327299 4.02552)(Y) [1],CST ResultTree 1D complex local Cartesian H-field probe,10,fibonacci_snap_24,fibonacci_snap,24,nearest_full96_cell_aggregation
L1_short_dipole_x_1p2G,1200000000,44,44,level1_local_sphere_r0p35,0.121342016448,-0.327299254674,4.02552083333,0.346691475567,-0.93514072764,0.0729166666667,0.937636681948,0.347616818733,-0.0,-0.0253470596993,0.068369341392,0.997338036837,0.0641408500108,Hz,1.584667669009e-05,9.75435171996e-06,C:\csttmp\huy_sf_safe_hfield96_s\L1_short_dipole_x_1p2G_hfield96.cst,1D Results\Probes\H-Field\H-Field (0.121342 -0.327299 4.02552)(Z) [1],CST ResultTree 1D complex local Cartesian H-field probe,10,fibonacci_snap_24,fibonacci_snap,24,nearest_full96_cell_aggregation
L1_short_dipole_x_1p2G,1200000000,45,45,level1_local_sphere_r0p35,0.131785818659,0.323728583049,4.01822916667,0.376530910455,0.924938808712,0.0520833333333,-0.926195895389,0.377042654569,0.0,-0.0196376382588,-0.0482393695515,0.99864274212,0.0641408500108,Hx,-7.587598001719e-13,2.709572218984e-12,C:\csttmp\huy_sf_safe_hfield96_s\L1_short_dipole_x_1p2G_hfield96.cst,1D Results\Probes\H-Field\H-Field (0.131786 0.323729 4.01823)(X) [1],CST ResultTree 1D complex local Cartesian H-field probe,11,fibonacci_snap_24,fibonacci_snap,24,nearest_full96_cell_aggregation
L1_short_dipole_x_1p2G,1200000000,45,45,level1_local_sphere_r0p35,0.131785818659,0.323728583049,4.01822916667,0.376530910455,0.924938808712,0.0520833333333,-0.926195895389,0.377042654569,0.0,-0.0196376382588,-0.0482393695515,0.99864274212,0.0641408500108,Hy,1.087729904675e-06,4.20666745491e-07,C:\csttmp\huy_sf_safe_hfield96_s\L1_short_dipole_x_1p2G_hfield96.cst,1D Results\Probes\H-Field\H-Field (0.131786 0.323729 4.01823)(Y) [1],CST ResultTree 1D complex local Cartesian H-field probe,11,fibonacci_snap_24,fibonacci_snap,24,nearest_full96_cell_aggregation
L1_short_dipole_x_1p2G,1200000000,45,45,level1_local_sphere_r0p35,0.131785818659,0.323728583049,4.01822916667,0.376530910455,0.924938808712,0.0520833333333,-0.926195895389,0.377042654569,0.0,-0.0196376382588,-0.0482393695515,0.99864274212,0.0641408500108,Hz,-1.587344167062e-05,-9.603879245398e-06,C:\csttmp\huy_sf_safe_hfield96_s\L1_short_dipole_x_1p2G_hfield96.cst,1D Results\Probes\H-Field\H-Field (0.131786 0.323729 4.01823)(Z) [1],CST ResultTree 1D complex local Cartesian H-field probe,11,fibonacci_snap_24,fibonacci_snap,24,nearest_full96_cell_aggregation
L1_short_dipole_x_1p2G,1200000000,46,46,level1_local_sphere_r0p35,-0.316125078892,-0.149817574368,4.0109375,-0.903214511119,-0.428050212479,0.03125,0.42825937458,-0.903655857107,0.0,0.0282392455346,0.0133831054556,0.999511599482,0.0801760625135,Hx,8.803921265970999e-13,-3.203282046703e-12,C:\csttmp\huy_sf_safe_hfield96_s\L1_short_dipole_x_1p2G_hfield96.cst,1D Results\Probes\H-Field\H-Field (-0.316125 -0.149818 4.01094)(X) [1],CST ResultTree 1D complex local Cartesian H-field probe,12,fibonacci_snap_24,fibonacci_snap,24,nearest_full96_cell_aggregation
L1_short_dipole_x_1p2G,1200000000,46,46,level1_local_sphere_r0p35,-0.316125078892,-0.149817574368,4.0109375,-0.903214511119,-0.428050212479,0.03125,0.42825937458,-0.903655857107,0.0,0.0282392455346,0.0133831054556,0.999511599482,0.0801760625135,Hy,6.198250190361e-07,2.842174130596e-07,C:\csttmp\huy_sf_safe_hfield96_s\L1_short_dipole_x_1p2G_hfield96.cst,1D Results\Probes\H-Field\H-Field (-0.316125 -0.149818 4.01094)(Y) [1],CST ResultTree 1D complex local Cartesian H-field probe,12,fibonacci_snap_24,fibonacci_snap,24,nearest_full96_cell_aggregation
L1_short_dipole_x_1p2G,1200000000,46,46,level1_local_sphere_r0p35,-0.316125078892,-0.149817574368,4.0109375,-0.903214511119,-0.428050212479,0.03125,0.42825937458,-0.903655857107,0.0,0.0282392455346,0.0133831054556,0.999511599482,0.0801760625135,Hz,7.076876373171e-06,4.215047474276e-06,C:\csttmp\huy_sf_safe_hfield96_s\L1_short_dipole_x_1p2G_hfield96.cst,1D Results\Probes\H-Field\H-Field (-0.316125 -0.149818 4.01094)(Z) [1],CST ResultTree 1D complex local Cartesian H-field probe,12,fibonacci_snap_24,fibonacci_snap,24,nearest_full96_cell_aggregation
L1_short_dipole_x_1p2G,1200000000,47,47,level1_local_sphere_r0p35,0.334446318417,-0.10311337448,4.00364583333,0.955560909763,-0.294609641371,0.0104166666667,0.294625626268,0.955612756479,-0.0,-0.00995429954666,0.0030690169403,0.999945745056,0.0801760625135,Hx,-1.922591517456e-13,1.276060585031e-12,C:\csttmp\huy_sf_safe_hfield96_s\L1_short_dipole_x_1p2G_hfield96.cst,1D Results\Probes\H-Field\H-Field (0.334446 -0.103113 4.00365)(X) [1],CST ResultTree 1D complex local Cartesian H-field probe,13,fibonacci_snap_24,fibonacci_snap,24,nearest_full96_cell_aggregation
L1_short_dipole_x_1p2G,1200000000,47,47,level1_local_sphere_r0p35,0.334446318417,-0.10311337448,4.00364583333,0.955560909763,-0.294609641371,0.0104166666667,0.294625626268,0.955612756479,-0.0,-0.00995429954666,0.0030690169403,0.999945745056,0.0801760625135,Hy,2.092859462905e-07,9.476075434869e-08,C:\csttmp\huy_sf_safe_hfield96_s\L1_short_dipole_x_1p2G_hfield96.cst,1D Results\Probes\H-Field\H-Field (0.334446 -0.103113 4.00365)(Y) [1],CST ResultTree 1D complex local Cartesian H-field probe,13,fibonacci_snap_24,fibonacci_snap,24,nearest_full96_cell_aggregation
L1_short_dipole_x_1p2G,1200000000,47,47,level1_local_sphere_r0p35,0.334446318417,-0.10311337448,4.00364583333,0.955560909763,-0.294609641371,0.0104166666667,0.294625626268,0.955612756479,-0.0,-0.00995429954666,0.0030690169403,0.999945745056,0.0801760625135,Hz,5.12807838685e-06,2.941219580289e-06,C:\csttmp\huy_sf_safe_hfield96_s\L1_short_dipole_x_1p2G_hfield96.cst,1D Results\Probes\H-Field\H-Field (0.334446 -0.103113 4.00365)(Z) [1],CST ResultTree 1D complex local Cartesian H-field probe,13,fibonacci_snap_24,fibonacci_snap,24,nearest_full96_cell_aggregation
L1_short_dipole_x_1p2G,1200000000,48,48,level1_local_sphere_r0p35,-0.176958222919,0.301947835297,3.99635416667,-0.505594922625,0.86270810085,-0.0104166666667,-0.862754909569,-0.505622355137,0.0,-0.00526689953268,0.00898703030801,0.999945745056,0.0641408500108,Hx,1.0921632875579999e-13,7.832371553002999e-13,C:\csttmp\huy_sf_safe_hfield96_s\L1_short_dipole_x_1p2G_hfield96.cst,1D Results\Probes\H-Field\H-Field (-0.176958 0.301948 3.99635)(X) [1],CST ResultTree 1D complex local Cartesian H-field probe,14,fibonacci_snap_24,fibonacci_snap,24,nearest_full96_cell_aggregation
L1_short_dipole_x_1p2G,1200000000,48,48,level1_local_sphere_r0p35,-0.176958222919,0.301947835297,3.99635416667,-0.505594922625,0.86270810085,-0.0104166666667,-0.862754909569,-0.505622355137,0.0,-0.00526689953268,0.00898703030801,0.999945745056,0.0641408500108,Hy,-2.166681558709e-07,-8.369382470261e-08,C:\csttmp\huy_sf_safe_hfield96_s\L1_short_dipole_x_1p2G_hfield96.cst,1D Results\Probes\H-Field\H-Field (-0.176958 0.301948 3.99635)(Y) [1],CST ResultTree 1D complex local Cartesian H-field probe,14,fibonacci_snap_24,fibonacci_snap,24,nearest_full96_cell_aggregation
L1_short_dipole_x_1p2G,1200000000,48,48,level1_local_sphere_r0p35,-0.176958222919,0.301947835297,3.99635416667,-0.505594922625,0.86270810085,-0.0104166666667,-0.862754909569,-0.505622355137,0.0,-0.00526689953268,0.00898703030801,0.999945745056,0.0641408500108,Hz,-1.48790018852e-05,-8.745689830218e-06,C:\csttmp\huy_sf_safe_hfield96_s\L1_short_dipole_x_1p2G_hfield96.cst,1D Results\Probes\H-Field\H-Field (-0.176958 0.301948 3.99635)(Z) [1],CST ResultTree 1D complex local Cartesian H-field probe,14,fibonacci_snap_24,fibonacci_snap,24,nearest_full96_cell_aggregation
L1_short_dipole_x_1p2G,1200000000,70,70,level1_local_sphere_r0p35,-0.0240229506746,-0.308231072306,3.8359375,-0.0686370019275,-0.880660206587,-0.46875,0.996976591612,-0.0777024824425,0.0,-0.0364230386449,-0.467332777318,0.883330876569,0.0320704250054,Hx,-3.440308623937e-12,1.416148276793e-12,C:\csttmp\huy_sf_safe_hfield96_s\L1_short_dipole_x_1p2G_hfield96.cst,1D Results\Probes\H-Field\H-Field (-0.024023 -0.308231 3.83594)(X) [1],CST ResultTree 1D complex local Cartesian H-field probe,15,fibonacci_snap_24,fibonacci_snap,24,nearest_full96_cell_aggregation
L1_short_dipole_x_1p2G,1200000000,70,70,level1_local_sphere_r0p35,-0.0240229506746,-0.308231072306,3.8359375,-0.0686370019275,-0.880660206587,-0.46875,0.996976591612,-0.0777024824425,0.0,-0.0364230386449,-0.467332777318,0.883330876569,0.0320704250054,Hy,-7.842455875681e-06,-4.378450875372e-06,C:\csttmp\huy_sf_safe_hfield96_s\L1_short_dipole_x_1p2G_hfield96.cst,1D Results\Probes\H-Field\H-Field (-0.024023 -0.308231 3.83594)(Y) [1],CST ResultTree 1D complex local Cartesian H-field probe,15,fibonacci_snap_24,fibonacci_snap,24,nearest_full96_cell_aggregation
L1_short_dipole_x_1p2G,1200000000,70,70,level1_local_sphere_r0p35,-0.0240229506746,-0.308231072306,3.8359375,-0.0686370019275,-0.880660206587,-0.46875,0.996976591612,-0.0777024824425,0.0,-0.0364230386449,-0.467332777318,0.883330876569,0.0320704250054,Hz,1.55257422734e-05,8.374801165119e-06,C:\csttmp\huy_sf_safe_hfield96_s\L1_short_dipole_x_1p2G_hfield96.cst,1D Results\Probes\H-Field\H-Field (-0.024023 -0.308231 3.83594)(Z) [1],CST ResultTree 1D complex local Cartesian H-field probe,15,fibonacci_snap_24,fibonacci_snap,24,nearest_full96_cell_aggregation
L1_short_dipole_x_1p2G,1200000000,71,71,level1_local_sphere_r0p35,0.223011764394,0.208335072678,3.82864583333,0.637176469698,0.595243064794,-0.489583333333,-0.682652238097,0.730743403542,0.0,0.357759791318,0.334215158235,0.871956512518,0.0481056375081,Hx,8.377907112293e-12,-3.56094402374e-11,C:\csttmp\huy_sf_safe_hfield96_s\L1_short_dipole_x_1p2G_hfield96.cst,1D Results\Probes\H-Field\H-Field (0.223012 0.208335 3.82865)(X) [1],CST ResultTree 1D complex local Cartesian H-field probe,16,fibonacci_snap_24,fibonacci_snap,24,nearest_full96_cell_aggregation
L1_short_dipole_x_1p2G,1200000000,71,71,level1_local_sphere_r0p35,0.223011764394,0.208335072678,3.82864583333,0.637176469698,0.595243064794,-0.489583333333,-0.682652238097,0.730743403542,0.0,0.357759791318,0.334215158235,0.871956512518,0.0481056375081,Hy,-8.170867159037e-06,-4.627016691204e-06,C:\csttmp\huy_sf_safe_hfield96_s\L1_short_dipole_x_1p2G_hfield96.cst,1D Results\Probes\H-Field\H-Field (0.223012 0.208335 3.82865)(Y) [1],CST ResultTree 1D complex local Cartesian H-field probe,16,fibonacci_snap_24,fibonacci_snap,24,nearest_full96_cell_aggregation
L1_short_dipole_x_1p2G,1200000000,71,71,level1_local_sphere_r0p35,0.223011764394,0.208335072678,3.82864583333,0.637176469698,0.595243064794,-0.489583333333,-0.682652238097,0.730743403542,0.0,0.357759791318,0.334215158235,0.871956512518,0.0481056375081,Hz,-9.930487964639e-06,-5.283539885784e-06,C:\csttmp\huy_sf_safe_hfield96_s\L1_short_dipole_x_1p2G_hfield96.cst,1D Results\Probes\H-Field\H-Field (0.223012 0.208335 3.82865)(Z) [1],CST ResultTree 1D complex local Cartesian H-field probe,16,fibonacci_snap_24,fibonacci_snap,24,nearest_full96_cell_aggregation
L1_short_dipole_x_1p2G,1200000000,72,72,level1_local_sphere_r0p35,-0.300960202612,-0.00293643938832,3.82135416667,-0.859886293178,-0.00838982682377,-0.510416666667,0.00975643823497,-0.999952404824,0.0,-0.510392373295,-0.00497984868243,0.859927221565,0.0481056375081,Hx,-1.573148578818e-11,4.453246855653e-11,C:\csttmp\huy_sf_safe_hfield96_s\L1_short_dipole_x_1p2G_hfield96.cst,1D Results\Probes\H-Field\H-Field (-0.30096 -0.00293644 3.82135)(X) [1],CST ResultTree 1D complex local Cartesian H-field probe,17,fibonacci_snap_24,fibonacci_snap,24,nearest_full96_cell_aggregation
L1_short_dipole_x_1p2G,1200000000,72,72,level1_local_sphere_r0p35,-0.300960202612,-0.00293643938832,3.82135416667,-0.859886293178,-0.00838982682377,-0.510416666667,0.00975643823497,-0.999952404824,0.0,-0.510392373295,-0.00497984868243,0.859927221565,0.0481056375081,Hy,-8.480908755347e-06,-5.007869560424e-06,C:\csttmp\huy_sf_safe_hfield96_s\L1_short_dipole_x_1p2G_hfield96.cst,1D Results\Probes\H-Field\H-Field (-0.30096 -0.00293644 3.82135)(Y) [1],CST ResultTree 1D complex local Cartesian H-field probe,17,fibonacci_snap_24,fibonacci_snap,24,nearest_full96_cell_aggregation
L1_short_dipole_x_1p2G,1200000000,72,72,level1_local_sphere_r0p35,-0.300960202612,-0.00293643938832,3.82135416667,-0.859886293178,-0.00838982682377,-0.510416666667,0.00975643823497,-0.999952404824,0.0,-0.510392373295,-0.00497984868243,0.859927221565,0.0481056375081,Hz,3.026622390014e-07,7.361884894023e-08,C:\csttmp\huy_sf_safe_hfield96_s\L1_short_dipole_x_1p2G_hfield96.cst,1D Results\Probes\H-Field\H-Field (-0.30096 -0.00293644 3.82135)(Z) [1],CST ResultTree 1D complex local Cartesian H-field probe,17,fibonacci_snap_24,fibonacci_snap,24,nearest_full96_cell_aggregation
L1_short_dipole_x_1p2G,1200000000,73,73,level1_local_sphere_r0p35,0.220592326036,-0.198157189594,3.8140625,0.630263788675,-0.566163398839,-0.53125,0.668264050267,0.743924162211,-0.0,0.395209711175,-0.355015276704,0.847215106983,0.0320704250054,Hx,6.41653964967e-12,-3.800762316086e-11,C:\csttmp\huy_sf_safe_hfield96_s\L1_short_dipole_x_1p2G_hfield96.cst,1D Results\Probes\H-Field\H-Field (0.220592 -0.198157 3.81406)(X) [1],CST ResultTree 1D complex local Cartesian H-field probe,18,fibonacci_snap_24,fibonacci_snap,24,nearest_full96_cell_aggregation
L1_short_dipole_x_1p2G,1200000000,73,73,level1_local_sphere_r0p35,0.220592326036,-0.198157189594,3.8140625,0.630263788675,-0.566163398839,-0.53125,0.668264050267,0.743924162211,-0.0,0.395209711175,-0.355015276704,0.847215106983,0.0320704250054,Hy,-8.789412730191e-06,-5.056055427099e-06,C:\csttmp\huy_sf_safe_hfield96_s\L1_short_dipole_x_1p2G_hfield96.cst,1D Results\Probes\H-Field\H-Field (0.220592 -0.198157 3.81406)(Y) [1],CST ResultTree 1D complex local Cartesian H-field probe,18,fibonacci_snap_24,fibonacci_snap,24,nearest_full96_cell_aggregation
L1_short_dipole_x_1p2G,1200000000,73,73,level1_local_sphere_r0p35,0.220592326036,-0.198157189594,3.8140625,0.630263788675,-0.566163398839,-0.53125,0.668264050267,0.743924162211,-0.0,0.395209711175,-0.355015276704,0.847215106983,0.0320704250054,Hz,9.438190330977e-06,5.049813328121e-06,C:\csttmp\huy_sf_safe_hfield96_s\L1_short_dipole_x_1p2G_hfield96.cst,1D Results\Probes\H-Field\H-Field (0.220592 -0.198157 3.81406)(Z) [1],CST ResultTree 1D complex local Cartesian H-field probe,18,fibonacci_snap_24,fibonacci_snap,24,nearest_full96_cell_aggregation
L1_short_dipole_x_1p2G,1200000000,74,74,level1_local_sphere_r0p35,-0.0283481783019,0.290445984541,3.80677083333,-0.0809947951483,0.829845670119,-0.552083333333,-0.995270664245,-0.0971406449059,0.0,-0.0536297310418,0.549472345885,0.833788937955,0.0641408500108,Hx,-4.810812349256e-12,2.633989562292e-12,C:\csttmp\huy_sf_safe_hfield96_s\L1_short_dipole_x_1p2G_hfield96.cst,1D Results\Probes\H-Field\H-Field (-0.0283482 0.290446 3.80677)(X) [1],CST ResultTree 1D complex local Cartesian H-field probe,19,fibonacci_snap_24,fibonacci_snap,24,nearest_full96_cell_aggregation
L1_short_dipole_x_1p2G,1200000000,74,74,level1_local_sphere_r0p35,-0.0283481783019,0.290445984541,3.80677083333,-0.0809947951483,0.829845670119,-0.552083333333,-0.995270664245,-0.0971406449059,0.0,-0.0536297310418,0.549472345885,0.833788937955,0.0641408500108,Hy,-9.002906303471e-06,-5.122263057832e-06,C:\csttmp\huy_sf_safe_hfield96_s\L1_short_dipole_x_1p2G_hfield96.cst,1D Results\Probes\H-Field\H-Field (-0.0283482 0.290446 3.80677)(Y) [1],CST ResultTree 1D complex local Cartesian H-field probe,19,fibonacci_snap_24,fibonacci_snap,24,nearest_full96_cell_aggregation
L1_short_dipole_x_1p2G,1200000000,74,74,level1_local_sphere_r0p35,-0.0283481783019,0.290445984541,3.80677083333,-0.0809947951483,0.829845670119,-0.552083333333,-0.995270664245,-0.0971406449059,0.0,-0.0536297310418,0.549472345885,0.833788937955,0.0641408500108,Hz,-1.471543462717e-05,-7.887746631779e-06,C:\csttmp\huy_sf_safe_hfield96_s\L1_short_dipole_x_1p2G_hfield96.cst,1D Results\Probes\H-Field\H-Field (-0.0283482 0.290446 3.80677)(Z) [1],CST ResultTree 1D complex local Cartesian H-field probe,19,fibonacci_snap_24,fibonacci_snap,24,nearest_full96_cell_aggregation
L1_short_dipole_x_1p2G,1200000000,75,75,level1_local_sphere_r0p35,-0.17231025311,-0.229348145998,3.79947916667,-0.492315008884,-0.655280417137,-0.572916666667,0.799499175891,-0.600667185511,0.0,-0.344132241699,-0.458046402854,0.81961362425,0.0801760625135,Hx,-1.0900916501460001e-11,2.9032765492330002e-11,C:\csttmp\huy_sf_safe_hfield96_s\L1_short_dipole_x_1p2G_hfield96.cst,1D Results\Probes\H-Field\H-Field (-0.17231 -0.229348 3.79948)(X) [1],CST ResultTree 1D complex local Cartesian H-field probe,20,fibonacci_snap_24,fibonacci_snap,24,nearest_full96_cell_aggregation
L1_short_dipole_x_1p2G,1200000000,75,75,level1_local_sphere_r0p35,-0.17231025311,-0.229348145998,3.79947916667,-0.492315008884,-0.655280417137,-0.572916666667,0.799499175891,-0.600667185511,0.0,-0.344132241699,-0.458046402854,0.81961362425,0.0801760625135,Hy,-9.320265160078e-06,-5.693651247162e-06,C:\csttmp\huy_sf_safe_hfield96_s\L1_short_dipole_x_1p2G_hfield96.cst,1D Results\Probes\H-Field\H-Field (-0.17231 -0.229348 3.79948)(Y) [1],CST ResultTree 1D complex local Cartesian H-field probe,20,fibonacci_snap_24,fibonacci_snap,24,nearest_full96_cell_aggregation
L1_short_dipole_x_1p2G,1200000000,75,75,level1_local_sphere_r0p35,-0.17231025311,-0.229348145998,3.79947916667,-0.492315008884,-0.655280417137,-0.572916666667,0.799499175891,-0.600667185511,0.0,-0.344132241699,-0.458046402854,0.81961362425,0.0801760625135,Hz,1.117868439605e-05,6.180739026757e-06,C:\csttmp\huy_sf_safe_hfield96_s\L1_short_dipole_x_1p2G_hfield96.cst,1D Results\Probes\H-Field\H-Field (-0.17231 -0.229348 3.79948)(Z) [1],CST ResultTree 1D complex local Cartesian H-field probe,20,fibonacci_snap_24,fibonacci_snap,24,nearest_full96_cell_aggregation
L1_short_dipole_x_1p2G,1200000000,89,89,level1_local_sphere_r0p35,0.175783660057,-0.00555186211405,3.69739583333,0.502239028734,-0.015862463183,-0.864583333333,0.0315677529045,0.999501614294,-0.0,0.864152437358,-0.027292953032,0.5024894623,0.0962112750162,Hx,7.201130231093e-12,-5.199139244477e-11,C:\csttmp\huy_sf_safe_hfield96_s\L1_short_dipole_x_1p2G_hfield96.cst,1D Results\Probes\H-Field\H-Field (0.175784 -0.00555186 3.6974)(X) [1],CST ResultTree 1D complex local Cartesian H-field probe,21,fibonacci_snap_24,fibonacci_snap,24,nearest_full96_cell_aggregation
L1_short_dipole_x_1p2G,1200000000,89,89,level1_local_sphere_r0p35,0.175783660057,-0.00555186211405,3.69739583333,0.502239028734,-0.015862463183,-0.864583333333,0.0315677529045,0.999501614294,-0.0,0.864152437358,-0.027292953032,0.5024894623,0.0962112750162,Hy,-1.49572569652e-05,-8.777531616993e-06,C:\csttmp\huy_sf_safe_hfield96_s\L1_short_dipole_x_1p2G_hfield96.cst,1D Results\Probes\H-Field\H-Field (0.175784 -0.00555186 3.6974)(Y) [1],CST ResultTree 1D complex local Cartesian H-field probe,21,fibonacci_snap_24,fibonacci_snap,24,nearest_full96_cell_aggregation
L1_short_dipole_x_1p2G,1200000000,89,89,level1_local_sphere_r0p35,0.175783660057,-0.00555186211405,3.69739583333,0.502239028734,-0.015862463183,-0.864583333333,0.0315677529045,0.999501614294,-0.0,0.864152437358,-0.027292953032,0.5024894623,0.0962112750162,Hz,4.872437903683e-07,6.063072889456e-08,C:\csttmp\huy_sf_safe_hfield96_s\L1_short_dipole_x_1p2G_hfield96.cst,1D Results\Probes\H-Field\H-Field (0.175784 -0.00555186 3.6974)(Z) [1],CST ResultTree 1D complex local Cartesian H-field probe,21,fibonacci_snap_24,fibonacci_snap,24,nearest_full96_cell_aggregation
L1_short_dipole_x_1p2G,1200000000,90,90,level1_local_sphere_r0p35,-0.116425982142,0.113620258602,3.69010416667,-0.332645663264,0.324629310292,-0.885416666667,-0.698430718097,-0.715677673271,0.0,-0.633672939875,0.618402198315,0.464798156611,0.0801760625135,Hx,-1.570871027202e-11,2.795695274155e-11,C:\csttmp\huy_sf_safe_hfield96_s\L1_short_dipole_x_1p2G_hfield96.cst,1D Results\Probes\H-Field\H-Field (-0.116426 0.11362 3.6901)(X) [1],CST ResultTree 1D complex local Cartesian H-field probe,22,fibonacci_snap_24,fibonacci_snap,24,nearest_full96_cell_aggregation
L1_short_dipole_x_1p2G,1200000000,90,90,level1_local_sphere_r0p35,-0.116425982142,0.113620258602,3.69010416667,-0.332645663264,0.324629310292,-0.885416666667,-0.698430718097,-0.715677673271,0.0,-0.633672939875,0.618402198315,0.464798156611,0.0801760625135,Hy,-1.544961649499e-05,-8.796374614529e-06,C:\csttmp\huy_sf_safe_hfield96_s\L1_short_dipole_x_1p2G_hfield96.cst,1D Results\Probes\H-Field\H-Field (-0.116426 0.11362 3.6901)(Y) [1],CST ResultTree 1D complex local Cartesian H-field probe,22,fibonacci_snap_24,fibonacci_snap,24,nearest_full96_cell_aggregation
L1_short_dipole_x_1p2G,1200000000,90,90,level1_local_sphere_r0p35,-0.116425982142,0.113620258602,3.69010416667,-0.332645663264,0.324629310292,-0.885416666667,-0.698430718097,-0.715677673271,0.0,-0.633672939875,0.618402198315,0.464798156611,0.0801760625135,Hz,-5.941360696061e-06,-3.055087663096e-06,C:\csttmp\huy_sf_safe_hfield96_s\L1_short_dipole_x_1p2G_hfield96.cst,1D Results\Probes\H-Field\H-Field (-0.116426 0.11362 3.6901)(Z) [1],CST ResultTree 1D complex local Cartesian H-field probe,22,fibonacci_snap_24,fibonacci_snap,24,nearest_full96_cell_aggregation
L1_short_dipole_x_1p2G,1200000000,91,91,level1_local_sphere_r0p35,0.00827616923972,-0.147728111294,3.6828125,0.0236461978278,-0.422080317983,-0.90625,0.0,0.906503467822,-0.422198369049,0.999720389573,0.00998338615709,0.0214353603317,0.0320704250054,Hx,-5.288432295967e-12,-5.800864286335e-12,C:\csttmp\huy_sf_safe_hfield96_s\L1_short_dipole_x_1p2G_hfield96.cst,1D Results\Probes\H-Field\H-Field (0.00827617 -0.147728 3.68281)(X) [1],CST ResultTree 1D complex local Cartesian H-field probe,23,fibonacci_snap_24,fibonacci_snap,24,nearest_full96_cell_aggregation
L1_short_dipole_x_1p2G,1200000000,91,91,level1_local_sphere_r0p35,0.00827616923972,-0.147728111294,3.6828125,0.0236461978278,-0.422080317983,-0.90625,0.0,0.906503467822,-0.422198369049,0.999720389573,0.00998338615709,0.0214353603317,0.0320704250054,Hy,-1.598298702681e-05,-8.632001076269e-06,C:\csttmp\huy_sf_safe_hfield96_s\L1_short_dipole_x_1p2G_hfield96.cst,1D Results\Probes\H-Field\H-Field (0.00827617 -0.147728 3.68281)(Y) [1],CST ResultTree 1D complex local Cartesian H-field probe,23,fibonacci_snap_24,fibonacci_snap,24,nearest_full96_cell_aggregation
