sample_id,frequency_hz,sensor_id,node_id,prior_id,x_m,y_m,z_m,normal_x,normal_y,normal_z,tangent1_x,tangent1_y,tangent1_z,tangent2_x,tangent2_y,tangent2_z,weight_m2,polarization,h_real,h_imag,cst_project,cst_probe_item,extraction_method,selection_order,layout_candidate,layout_method,layout_sensor_count,weighting_model
L1_short_dipole_x_1p2G,1200000000,0,0,level1_local_sphere_r0p35,0.050386419129,0.0,4.34635416667,0.143961197511,0.0,0.989583333333,0.0,-1.0,0.0,0.989583333333,0.0,-0.143961197511,0.0160352125027,Hx,5.39506762849e-13,1.8276006824550002e-11,C:\csttmp\huy_sf_safe_hfield96_s\L1_short_dipole_x_1p2G_hfield96.cst,1D Results\Probes\H-Field\H-Field (0.0503864 0 4.34635)(X) [1],CST ResultTree 1D complex local Cartesian H-field probe,0,fibonacci_snap_48,fibonacci_snap,48,nearest_full96_cell_aggregation
L1_short_dipole_x_1p2G,1200000000,0,0,level1_local_sphere_r0p35,0.050386419129,0.0,4.34635416667,0.143961197511,0.0,0.989583333333,0.0,-1.0,0.0,0.989583333333,0.0,-0.143961197511,0.0160352125027,Hy,1.625745067336e-05,1.128090851063e-05,C:\csttmp\huy_sf_safe_hfield96_s\L1_short_dipole_x_1p2G_hfield96.cst,1D Results\Probes\H-Field\H-Field (0.0503864 0 4.34635)(Y) [1],CST ResultTree 1D complex local Cartesian H-field probe,0,fibonacci_snap_48,fibonacci_snap,48,nearest_full96_cell_aggregation
L1_short_dipole_x_1p2G,1200000000,0,0,level1_local_sphere_r0p35,0.050386419129,0.0,4.34635416667,0.143961197511,0.0,0.989583333333,0.0,-1.0,0.0,0.989583333333,0.0,-0.143961197511,0.0160352125027,Hz,3.048544512796e-07,-8.794245824097e-08,C:\csttmp\huy_sf_safe_hfield96_s\L1_short_dipole_x_1p2G_hfield96.cst,1D Results\Probes\H-Field\H-Field (0.0503864 0 4.34635)(Z) [1],CST ResultTree 1D complex local Cartesian H-field probe,0,fibonacci_snap_48,fibonacci_snap,48,nearest_full96_cell_aggregation
L1_short_dipole_x_1p2G,1200000000,1,1,level1_local_sphere_r0p35,-0.0640137315534,0.0586418218199,4.3390625,-0.182896375867,0.167548062343,0.96875,0.0,-0.985371045215,0.170422719292,0.983132196449,0.0311696977239,0.180220793054,0.0160352125027,Hx,1.2067940678580002e-11,-1.4375915675020001e-11,C:\csttmp\huy_sf_safe_hfield96_s\L1_short_dipole_x_1p2G_hfield96.cst,1D Results\Probes\H-Field\H-Field (-0.0640137 0.0586418 4.33906)(X) [1],CST ResultTree 1D complex local Cartesian H-field probe,1,fibonacci_snap_48,fibonacci_snap,48,nearest_full96_cell_aggregation
L1_short_dipole_x_1p2G,1200000000,1,1,level1_local_sphere_r0p35,-0.0640137315534,0.0586418218199,4.3390625,-0.182896375867,0.167548062343,0.96875,0.0,-0.985371045215,0.170422719292,0.983132196449,0.0311696977239,0.180220793054,0.0160352125027,Hy,1.660332064488e-05,9.490470541593e-06,C:\csttmp\huy_sf_safe_hfield96_s\L1_short_dipole_x_1p2G_hfield96.cst,1D Results\Probes\H-Field\H-Field (-0.0640137 0.0586418 4.33906)(Y) [1],CST ResultTree 1D complex local Cartesian H-field probe,1,fibonacci_snap_48,fibonacci_snap,48,nearest_full96_cell_aggregation
L1_short_dipole_x_1p2G,1200000000,1,1,level1_local_sphere_r0p35,-0.0640137315534,0.0586418218199,4.3390625,-0.182896375867,0.167548062343,0.96875,0.0,-0.985371045215,0.170422719292,0.983132196449,0.0311696977239,0.180220793054,0.0160352125027,Hz,-3.308602912119e-06,-1.49694823435e-06,C:\csttmp\huy_sf_safe_hfield96_s\L1_short_dipole_x_1p2G_hfield96.cst,1D Results\Probes\H-Field\H-Field (-0.0640137 0.0586418 4.33906)(Z) [1],CST ResultTree 1D complex local Cartesian H-field probe,1,fibonacci_snap_48,fibonacci_snap,48,nearest_full96_cell_aggregation
L1_short_dipole_x_1p2G,1200000000,2,2,level1_local_sphere_r0p35,0.00974634673724,-0.111054594117,4.33177083333,0.0278467049635,-0.317298840335,0.947916666667,0.0,-0.948284406316,-0.317421934873,0.999612205319,0.00883915496937,-0.0264065960842,0.0320704250054,Hx,5.079000866652e-12,6.148118075324e-12,C:\csttmp\huy_sf_safe_hfield96_s\L1_short_dipole_x_1p2G_hfield96.cst,1D Results\Probes\H-Field\H-Field (0.00974635 -0.111055 4.33177)(X) [1],CST ResultTree 1D complex local Cartesian H-field probe,2,fibonacci_snap_48,fibonacci_snap,48,nearest_full96_cell_aggregation
L1_short_dipole_x_1p2G,1200000000,2,2,level1_local_sphere_r0p35,0.00974634673724,-0.111054594117,4.33177083333,0.0278467049635,-0.317298840335,0.947916666667,0.0,-0.948284406316,-0.317421934873,0.999612205319,0.00883915496937,-0.0264065960842,0.0320704250054,Hy,1.643214856252e-05,8.92662628378e-06,C:\csttmp\huy_sf_safe_hfield96_s\L1_short_dipole_x_1p2G_hfield96.cst,1D Results\Probes\H-Field\H-Field (0.00974635 -0.111055 4.33177)(Y) [1],CST ResultTree 1D complex local Cartesian H-field probe,2,fibonacci_snap_48,fibonacci_snap,48,nearest_full96_cell_aggregation
L1_short_dipole_x_1p2G,1200000000,2,2,level1_local_sphere_r0p35,0.00974634673724,-0.111054594117,4.33177083333,0.0278467049635,-0.317298840335,0.947916666667,0.0,-0.948284406316,-0.317421934873,0.999612205319,0.00883915496937,-0.0264065960842,0.0320704250054,Hz,5.612880505671e-06,2.99000426695e-06,C:\csttmp\huy_sf_safe_hfield96_s\L1_short_dipole_x_1p2G_hfield96.cst,1D Results\Probes\H-Field\H-Field (0.00974635 -0.111055 4.33177)(Z) [1],CST ResultTree 1D complex local Cartesian H-field probe,2,fibonacci_snap_48,fibonacci_snap,48,nearest_full96_cell_aggregation
L1_short_dipole_x_1p2G,1200000000,3,3,level1_local_sphere_r0p35,0.0798267852986,0.104119905629,4.32447916667,0.228076529425,0.297485444654,0.927083333333,0.0,-0.952179736476,0.305538458208,0.973643208124,-0.0696861511537,-0.217169849684,0.0481056375081,Hx,-7.700319666938e-13,2.5637449885270003e-11,C:\csttmp\huy_sf_safe_hfield96_s\L1_short_dipole_x_1p2G_hfield96.cst,1D Results\Probes\H-Field\H-Field (0.0798268 0.10412 4.32448)(X) [1],CST ResultTree 1D complex local Cartesian H-field probe,3,fibonacci_snap_48,fibonacci_snap,48,nearest_full96_cell_aggregation
L1_short_dipole_x_1p2G,1200000000,3,3,level1_local_sphere_r0p35,0.0798267852986,0.104119905629,4.32447916667,0.228076529425,0.297485444654,0.927083333333,0.0,-0.952179736476,0.305538458208,0.973643208124,-0.0696861511537,-0.217169849684,0.0481056375081,Hy,1.607285715719e-05,9.133183114132e-06,C:\csttmp\huy_sf_safe_hfield96_s\L1_short_dipole_x_1p2G_hfield96.cst,1D Results\Probes\H-Field\H-Field (0.0798268 0.10412 4.32448)(Y) [1],CST ResultTree 1D complex local Cartesian H-field probe,3,fibonacci_snap_48,fibonacci_snap,48,nearest_full96_cell_aggregation
L1_short_dipole_x_1p2G,1200000000,3,3,level1_local_sphere_r0p35,0.0798267852986,0.104119905629,4.32447916667,0.228076529425,0.297485444654,0.927083333333,0.0,-0.952179736476,0.305538458208,0.973643208124,-0.0696861511537,-0.217169849684,0.0481056375081,Hz,-5.575346975047e-06,-2.751443400187e-06,C:\csttmp\huy_sf_safe_hfield96_s\L1_short_dipole_x_1p2G_hfield96.cst,1D Results\Probes\H-Field\H-Field (0.0798268 0.10412 4.32448)(Z) [1],CST ResultTree 1D complex local Cartesian H-field probe,3,fibonacci_snap_48,fibonacci_snap,48,nearest_full96_cell_aggregation
L1_short_dipole_x_1p2G,1200000000,4,4,level1_local_sphere_r0p35,-0.145697968509,-0.0257719191415,4.3171875,-0.416279910024,-0.0736340546901,0.90625,0.0,-0.996715361819,-0.0809844893381,0.909236512966,-0.033712215935,0.414912581138,0.0320704250054,Hx,1.7577815648990003e-11,-3.7867978566680005e-11,C:\csttmp\huy_sf_safe_hfield96_s\L1_short_dipole_x_1p2G_hfield96.cst,1D Results\Probes\H-Field\H-Field (-0.145698 -0.0257719 4.31719)(X) [1],CST ResultTree 1D complex local Cartesian H-field probe,4,fibonacci_snap_48,fibonacci_snap,48,nearest_full96_cell_aggregation
L1_short_dipole_x_1p2G,1200000000,4,4,level1_local_sphere_r0p35,-0.145697968509,-0.0257719191415,4.3171875,-0.416279910024,-0.0736340546901,0.90625,0.0,-0.996715361819,-0.0809844893381,0.909236512966,-0.033712215935,0.414912581138,0.0320704250054,Hy,1.562685804422e-05,9.242698080671e-06,C:\csttmp\huy_sf_safe_hfield96_s\L1_short_dipole_x_1p2G_hfield96.cst,1D Results\Probes\H-Field\H-Field (-0.145698 -0.0257719 4.31719)(Y) [1],CST ResultTree 1D complex local Cartesian H-field probe,4,fibonacci_snap_48,fibonacci_snap,48,nearest_full96_cell_aggregation
L1_short_dipole_x_1p2G,1200000000,4,4,level1_local_sphere_r0p35,-0.145697968509,-0.0257719191415,4.3171875,-0.416279910024,-0.0736340546901,0.90625,0.0,-0.996715361819,-0.0809844893381,0.909236512966,-0.033712215935,0.414912581138,0.0320704250054,Hz,1.627681716858e-06,5.507611043236e-07,C:\csttmp\huy_sf_safe_hfield96_s\L1_short_dipole_x_1p2G_hfield96.cst,1D Results\Probes\H-Field\H-Field (-0.145698 -0.0257719 4.31719)(Z) [1],CST ResultTree 1D complex local Cartesian H-field probe,4,fibonacci_snap_48,fibonacci_snap,48,nearest_full96_cell_aggregation
L1_short_dipole_x_1p2G,1200000000,5,5,level1_local_sphere_r0p35,0.137261566981,-0.0873145733117,4.30989583333,0.392175905659,-0.249470209462,0.885416666667,0.536728052626,0.843755294812,-0.0,-0.747075000615,0.475227963263,0.464798156611,0.0320704250054,Hx,-4.642608397846e-12,4.103325230571e-11,C:\csttmp\huy_sf_safe_hfield96_s\L1_short_dipole_x_1p2G_hfield96.cst,1D Results\Probes\H-Field\H-Field (0.137262 -0.0873146 4.3099)(X) [1],CST ResultTree 1D complex local Cartesian H-field probe,5,fibonacci_snap_48,fibonacci_snap,48,nearest_full96_cell_aggregation
L1_short_dipole_x_1p2G,1200000000,5,5,level1_local_sphere_r0p35,0.137261566981,-0.0873145733117,4.30989583333,0.392175905659,-0.249470209462,0.885416666667,0.536728052626,0.843755294812,-0.0,-0.747075000615,0.475227963263,0.464798156611,0.0320704250054,Hy,1.540023466383e-05,8.656414509122e-06,C:\csttmp\huy_sf_safe_hfield96_s\L1_short_dipole_x_1p2G_hfield96.cst,1D Results\Probes\H-Field\H-Field (0.137262 -0.0873146 4.3099)(Y) [1],CST ResultTree 1D complex local Cartesian H-field probe,5,fibonacci_snap_48,fibonacci_snap,48,nearest_full96_cell_aggregation
L1_short_dipole_x_1p2G,1200000000,5,5,level1_local_sphere_r0p35,0.137261566981,-0.0873145733117,4.30989583333,0.392175905659,-0.249470209462,0.885416666667,0.536728052626,0.843755294812,-0.0,-0.747075000615,0.475227963263,0.464798156611,0.0320704250054,Hz,4.615053058565e-06,2.29660975703e-06,C:\csttmp\huy_sf_safe_hfield96_s\L1_short_dipole_x_1p2G_hfield96.cst,1D Results\Probes\H-Field\H-Field (0.137262 -0.0873146 4.3099)(Z) [1],CST ResultTree 1D complex local Cartesian H-field probe,5,fibonacci_snap_48,fibonacci_snap,48,nearest_full96_cell_aggregation
L1_short_dipole_x_1p2G,1200000000,6,6,level1_local_sphere_r0p35,-0.0456569496532,0.16984157696,4.30260416667,-0.130448427581,0.485261648458,0.864583333333,-0.965715074376,-0.259604304901,0.0,0.224449555279,-0.834941158054,0.5024894623,0.0481056375081,Hx,1.013647891032e-11,-7.906602420258e-12,C:\csttmp\huy_sf_safe_hfield96_s\L1_short_dipole_x_1p2G_hfield96.cst,1D Results\Probes\H-Field\H-Field (-0.0456569 0.169842 4.3026)(X) [1],CST ResultTree 1D complex local Cartesian H-field probe,6,fibonacci_snap_48,fibonacci_snap,48,nearest_full96_cell_aggregation
L1_short_dipole_x_1p2G,1200000000,6,6,level1_local_sphere_r0p35,-0.0456569496532,0.16984157696,4.30260416667,-0.130448427581,0.485261648458,0.864583333333,-0.965715074376,-0.259604304901,0.0,0.224449555279,-0.834941158054,0.5024894623,0.0481056375081,Hy,1.53841747527e-05,8.239328896918e-06,C:\csttmp\huy_sf_safe_hfield96_s\L1_short_dipole_x_1p2G_hfield96.cst,1D Results\Probes\H-Field\H-Field (-0.0456569 0.169842 4.3026)(Y) [1],CST ResultTree 1D complex local Cartesian H-field probe,6,fibonacci_snap_48,fibonacci_snap,48,nearest_full96_cell_aggregation
L1_short_dipole_x_1p2G,1200000000,6,6,level1_local_sphere_r0p35,-0.0456569496532,0.16984157696,4.30260416667,-0.130448427581,0.485261648458,0.864583333333,-0.965715074376,-0.259604304901,0.0,0.224449555279,-0.834941158054,0.5024894623,0.0481056375081,Hz,-8.114169868548e-06,-4.520067712605e-06,C:\csttmp\huy_sf_safe_hfield96_s\L1_short_dipole_x_1p2G_hfield96.cst,1D Results\Probes\H-Field\H-Field (-0.0456569 0.169842 4.3026)(Z) [1],CST ResultTree 1D complex local Cartesian H-field probe,6,fibonacci_snap_48,fibonacci_snap,48,nearest_full96_cell_aggregation
L1_short_dipole_x_1p2G,1200000000,20,20,level1_local_sphere_r0p35,-0.183796880538,-0.220250089907,4.20052083333,-0.525133944394,-0.629285971162,0.572916666667,0.767783688001,-0.640709144964,0.0,0.367072947635,0.43987607125,0.81961362425,0.0320704250054,Hx,1.2057499083870001e-11,-3.09434148217e-11,C:\csttmp\huy_sf_safe_hfield96_s\L1_short_dipole_x_1p2G_hfield96.cst,1D Results\Probes\H-Field\H-Field (-0.183797 -0.22025 4.20052)(X) [1],CST ResultTree 1D complex local Cartesian H-field probe,7,fibonacci_snap_48,fibonacci_snap,48,nearest_full96_cell_aggregation
L1_short_dipole_x_1p2G,1200000000,20,20,level1_local_sphere_r0p35,-0.183796880538,-0.220250089907,4.20052083333,-0.525133944394,-0.629285971162,0.572916666667,0.767783688001,-0.640709144964,0.0,0.367072947635,0.43987607125,0.81961362425,0.0320704250054,Hy,9.372804476187e-06,5.555428195951e-06,C:\csttmp\huy_sf_safe_hfield96_s\L1_short_dipole_x_1p2G_hfield96.cst,1D Results\Probes\H-Field\H-Field (-0.183797 -0.22025 4.20052)(Y) [1],CST ResultTree 1D complex local Cartesian H-field probe,7,fibonacci_snap_48,fibonacci_snap,48,nearest_full96_cell_aggregation
L1_short_dipole_x_1p2G,1200000000,20,20,level1_local_sphere_r0p35,-0.183796880538,-0.220250089907,4.20052083333,-0.525133944394,-0.629285971162,0.572916666667,0.767783688001,-0.640709144964,0.0,0.367072947635,0.43987607125,0.81961362425,0.0320704250054,Hz,1.055247331444e-05,5.91617173323e-06,C:\csttmp\huy_sf_safe_hfield96_s\L1_short_dipole_x_1p2G_hfield96.cst,1D Results\Probes\H-Field\H-Field (-0.183797 -0.22025 4.20052)(Z) [1],CST ResultTree 1D complex local Cartesian H-field probe,7,fibonacci_snap_48,fibonacci_snap,48,nearest_full96_cell_aggregation
L1_short_dipole_x_1p2G,1200000000,21,21,level1_local_sphere_r0p35,0.289219949579,0.0389141351564,4.19322916667,0.826342713082,0.111183243304,0.552083333333,-0.13334698776,0.991069412733,0.0,-0.547152904946,-0.0736186494927,0.833788937955,0.0320704250054,Hx,-1.00398681869e-11,5.0289630699430006e-11,C:\csttmp\huy_sf_safe_hfield96_s\L1_short_dipole_x_1p2G_hfield96.cst,1D Results\Probes\H-Field\H-Field (0.28922 0.0389141 4.19323)(X) [1],CST ResultTree 1D complex local Cartesian H-field probe,8,fibonacci_snap_48,fibonacci_snap,48,nearest_full96_cell_aggregation
L1_short_dipole_x_1p2G,1200000000,21,21,level1_local_sphere_r0p35,0.289219949579,0.0389141351564,4.19322916667,0.826342713082,0.111183243304,0.552083333333,-0.13334698776,0.991069412733,0.0,-0.547152904946,-0.0736186494927,0.833788937955,0.0320704250054,Hy,9.180168202725e-06,5.321731936659e-06,C:\csttmp\huy_sf_safe_hfield96_s\L1_short_dipole_x_1p2G_hfield96.cst,1D Results\Probes\H-Field\H-Field (0.28922 0.0389141 4.19323)(Y) [1],CST ResultTree 1D complex local Cartesian H-field probe,8,fibonacci_snap_48,fibonacci_snap,48,nearest_full96_cell_aggregation
L1_short_dipole_x_1p2G,1200000000,21,21,level1_local_sphere_r0p35,0.289219949579,0.0389141351564,4.19322916667,0.826342713082,0.111183243304,0.552083333333,-0.13334698776,0.991069412733,0.0,-0.547152904946,-0.0736186494927,0.833788937955,0.0320704250054,Hz,-2.114239714187e-06,-1.081638266773e-06,C:\csttmp\huy_sf_safe_hfield96_s\L1_short_dipole_x_1p2G_hfield96.cst,1D Results\Probes\H-Field\H-Field (0.28922 0.0389141 4.19323)(Z) [1],CST ResultTree 1D complex local Cartesian H-field probe,8,fibonacci_snap_48,fibonacci_snap,48,nearest_full96_cell_aggregation
L1_short_dipole_x_1p2G,1200000000,22,22,level1_local_sphere_r0p35,-0.24340525432,0.169355036132,4.1859375,-0.69544358377,0.483871531806,0.53125,-0.571131850481,-0.820858336966,0.0,0.436080991513,-0.303413795568,0.847215106983,0.0160352125027,Hx,1.682235721329e-11,-3.775551573223e-11,C:\csttmp\huy_sf_safe_hfield96_s\L1_short_dipole_x_1p2G_hfield96.cst,1D Results\Probes\H-Field\H-Field (-0.243405 0.169355 4.18594)(X) [1],CST ResultTree 1D complex local Cartesian H-field probe,9,fibonacci_snap_48,fibonacci_snap,48,nearest_full96_cell_aggregation
L1_short_dipole_x_1p2G,1200000000,22,22,level1_local_sphere_r0p35,-0.24340525432,0.169355036132,4.1859375,-0.69544358377,0.483871531806,0.53125,-0.571131850481,-0.820858336966,0.0,0.436080991513,-0.303413795568,0.847215106983,0.0160352125027,Hy,8.888117782466e-06,4.783479177665e-06,C:\csttmp\huy_sf_safe_hfield96_s\L1_short_dipole_x_1p2G_hfield96.cst,1D Results\Probes\H-Field\H-Field (-0.243405 0.169355 4.18594)(Y) [1],CST ResultTree 1D complex local Cartesian H-field probe,9,fibonacci_snap_48,fibonacci_snap,48,nearest_full96_cell_aggregation
L1_short_dipole_x_1p2G,1200000000,22,22,level1_local_sphere_r0p35,-0.24340525432,0.169355036132,4.1859375,-0.69544358377,0.483871531806,0.53125,-0.571131850481,-0.820858336966,0.0,0.436080991513,-0.303413795568,0.847215106983,0.0160352125027,Hz,-8.237656204771e-06,-4.52560146791e-06,C:\csttmp\huy_sf_safe_hfield96_s\L1_short_dipole_x_1p2G_hfield96.cst,1D Results\Probes\H-Field\H-Field (-0.243405 0.169355 4.18594)(Z) [1],CST ResultTree 1D complex local Cartesian H-field probe,9,fibonacci_snap_48,fibonacci_snap,48,nearest_full96_cell_aggregation
L1_short_dipole_x_1p2G,1200000000,23,23,level1_local_sphere_r0p35,0.0660583014145,-0.293635772764,4.17864583333,0.188738004041,-0.838959350755,0.510416666667,0.975616691408,0.219481369246,-0.0,-0.112026948886,0.497971019573,0.859927221565,0.0320704250054,Hx,6.061317058892999e-13,1.1361425401340001e-11,C:\csttmp\huy_sf_safe_hfield96_s\L1_short_dipole_x_1p2G_hfield96.cst,1D Results\Probes\H-Field\H-Field (0.0660583 -0.293636 4.17865)(X) [1],CST ResultTree 1D complex local Cartesian H-field probe,10,fibonacci_snap_48,fibonacci_snap,48,nearest_full96_cell_aggregation
L1_short_dipole_x_1p2G,1200000000,23,23,level1_local_sphere_r0p35,0.0660583014145,-0.293635772764,4.17864583333,0.188738004041,-0.838959350755,0.510416666667,0.975616691408,0.219481369246,-0.0,-0.112026948886,0.497971019573,0.859927221565,0.0320704250054,Hy,8.421258867658e-06,4.829695130172e-06,C:\csttmp\huy_sf_safe_hfield96_s\L1_short_dipole_x_1p2G_hfield96.cst,1D Results\Probes\H-Field\H-Field (0.0660583 -0.293636 4.17865)(Y) [1],CST ResultTree 1D complex local Cartesian H-field probe,10,fibonacci_snap_48,fibonacci_snap,48,nearest_full96_cell_aggregation
L1_short_dipole_x_1p2G,1200000000,23,23,level1_local_sphere_r0p35,0.0660583014145,-0.293635772764,4.17864583333,0.188738004041,-0.838959350755,0.510416666667,0.975616691408,0.219481369246,-0.0,-0.112026948886,0.497971019573,0.859927221565,0.0320704250054,Hz,1.487357742367e-05,8.318817749261e-06,C:\csttmp\huy_sf_safe_hfield96_s\L1_short_dipole_x_1p2G_hfield96.cst,1D Results\Probes\H-Field\H-Field (0.0660583 -0.293636 4.17865)(Z) [1],CST ResultTree 1D complex local Cartesian H-field probe,10,fibonacci_snap_48,fibonacci_snap,48,nearest_full96_cell_aggregation
L1_short_dipole_x_1p2G,1200000000,24,24,level1_local_sphere_r0p35,0.151732035639,0.264792633823,4.17135416667,0.433520101825,0.756550382351,0.489583333333,-0.867646919875,0.497180874965,0.0,-0.243411470035,-0.424785471189,0.871956512518,0.0320704250054,Hx,-3.996333134756e-12,2.506896692868e-11,C:\csttmp\huy_sf_safe_hfield96_s\L1_short_dipole_x_1p2G_hfield96.cst,1D Results\Probes\H-Field\H-Field (0.151732 0.264793 4.17135)(X) [1],CST ResultTree 1D complex local Cartesian H-field probe,11,fibonacci_snap_48,fibonacci_snap,48,nearest_full96_cell_aggregation
L1_short_dipole_x_1p2G,1200000000,24,24,level1_local_sphere_r0p35,0.151732035639,0.264792633823,4.17135416667,0.433520101825,0.756550382351,0.489583333333,-0.867646919875,0.497180874965,0.0,-0.243411470035,-0.424785471189,0.871956512518,0.0320704250054,Hy,7.982378691091e-06,4.906407333776e-06,C:\csttmp\huy_sf_safe_hfield96_s\L1_short_dipole_x_1p2G_hfield96.cst,1D Results\Probes\H-Field\H-Field (0.151732 0.264793 4.17135)(Y) [1],CST ResultTree 1D complex local Cartesian H-field probe,11,fibonacci_snap_48,fibonacci_snap,48,nearest_full96_cell_aggregation
L1_short_dipole_x_1p2G,1200000000,24,24,level1_local_sphere_r0p35,0.151732035639,0.264792633823,4.17135416667,0.433520101825,0.756550382351,0.489583333333,-0.867646919875,0.497180874965,0.0,-0.243411470035,-0.424785471189,0.871956512518,0.0320704250054,Hz,-1.303189700991e-05,-7.113708037772e-06,C:\csttmp\huy_sf_safe_hfield96_s\L1_short_dipole_x_1p2G_hfield96.cst,1D Results\Probes\H-Field\H-Field (0.151732 0.264793 4.17135)(Z) [1],CST ResultTree 1D complex local Cartesian H-field probe,11,fibonacci_snap_48,fibonacci_snap,48,nearest_full96_cell_aggregation
L1_short_dipole_x_1p2G,1200000000,25,25,level1_local_sphere_r0p35,-0.294540031094,-0.0939663034128,4.1640625,-0.841542945982,-0.268475152608,0.46875,0.303934980345,-0.952692777197,0.0,0.446574739311,0.142469522037,0.883330876569,0.0320704250054,Hx,1.4662563418100002e-11,-4.009199802424e-11,C:\csttmp\huy_sf_safe_hfield96_s\L1_short_dipole_x_1p2G_hfield96.cst,1D Results\Probes\H-Field\H-Field (-0.29454 -0.0939663 4.16406)(X) [1],CST ResultTree 1D complex local Cartesian H-field probe,12,fibonacci_snap_48,fibonacci_snap,48,nearest_full96_cell_aggregation
L1_short_dipole_x_1p2G,1200000000,25,25,level1_local_sphere_r0p35,-0.294540031094,-0.0939663034128,4.1640625,-0.841542945982,-0.268475152608,0.46875,0.303934980345,-0.952692777197,0.0,0.446574739311,0.142469522037,0.883330876569,0.0320704250054,Hy,7.837384754064e-06,4.612454476799e-06,C:\csttmp\huy_sf_safe_hfield96_s\L1_short_dipole_x_1p2G_hfield96.cst,1D Results\Probes\H-Field\H-Field (-0.29454 -0.0939663 4.16406)(Y) [1],CST ResultTree 1D complex local Cartesian H-field probe,12,fibonacci_snap_48,fibonacci_snap,48,nearest_full96_cell_aggregation
L1_short_dipole_x_1p2G,1200000000,25,25,level1_local_sphere_r0p35,-0.294540031094,-0.0939663034128,4.1640625,-0.841542945982,-0.268475152608,0.46875,0.303934980345,-0.952692777197,0.0,0.446574739311,0.142469522037,0.883330876569,0.0320704250054,Hz,4.884123347205e-06,2.748435322774e-06,C:\csttmp\huy_sf_safe_hfield96_s\L1_short_dipole_x_1p2G_hfield96.cst,1D Results\Probes\H-Field\H-Field (-0.29454 -0.0939663 4.16406)(Z) [1],CST ResultTree 1D complex local Cartesian H-field probe,12,fibonacci_snap_48,fibonacci_snap,48,nearest_full96_cell_aggregation
L1_short_dipole_x_1p2G,1200000000,26,26,level1_local_sphere_r0p35,0.28407177367,-0.131248364636,4.15677083333,0.811633639058,-0.374995327533,0.447916666667,0.419422528944,0.907791133584,-0.0,-0.406614778585,0.187866341089,0.894075309872,0.0320704250054,Hx,-7.605946692362e-12,4.037048432175e-11,C:\csttmp\huy_sf_safe_hfield96_s\L1_short_dipole_x_1p2G_hfield96.cst,1D Results\Probes\H-Field\H-Field (0.284072 -0.131248 4.15677)(X) [1],CST ResultTree 1D complex local Cartesian H-field probe,13,fibonacci_snap_48,fibonacci_snap,48,nearest_full96_cell_aggregation
L1_short_dipole_x_1p2G,1200000000,26,26,level1_local_sphere_r0p35,0.28407177367,-0.131248364636,4.15677083333,0.811633639058,-0.374995327533,0.447916666667,0.419422528944,0.907791133584,-0.0,-0.406614778585,0.187866341089,0.894075309872,0.0320704250054,Hy,7.611222445614e-06,4.326761760983e-06,C:\csttmp\huy_sf_safe_hfield96_s\L1_short_dipole_x_1p2G_hfield96.cst,1D Results\Probes\H-Field\H-Field (0.284072 -0.131248 4.15677)(Y) [1],CST ResultTree 1D complex local Cartesian H-field probe,13,fibonacci_snap_48,fibonacci_snap,48,nearest_full96_cell_aggregation
L1_short_dipole_x_1p2G,1200000000,26,26,level1_local_sphere_r0p35,0.28407177367,-0.131248364636,4.15677083333,0.811633639058,-0.374995327533,0.447916666667,0.419422528944,0.907791133584,-0.0,-0.406614778585,0.187866341089,0.894075309872,0.0320704250054,Hz,6.41736097353e-06,3.673976083492e-06,C:\csttmp\huy_sf_safe_hfield96_s\L1_short_dipole_x_1p2G_hfield96.cst,1D Results\Probes\H-Field\H-Field (0.284072 -0.131248 4.15677)(Z) [1],CST ResultTree 1D complex local Cartesian H-field probe,13,fibonacci_snap_48,fibonacci_snap,48,nearest_full96_cell_aggregation
L1_short_dipole_x_1p2G,1200000000,35,35,level1_local_sphere_r0p35,-0.229477015439,0.248057929627,4.09114583333,-0.655648615541,0.708736941793,0.260416666667,-0.734064875349,-0.679079346453,0.0,0.176843579805,-0.191162727955,0.965496328176,0.0320704250054,Hx,8.080715300310001e-12,-1.823772698794e-11,C:\csttmp\huy_sf_safe_hfield96_s\L1_short_dipole_x_1p2G_hfield96.cst,1D Results\Probes\H-Field\H-Field (-0.229477 0.248058 4.09115)(X) [1],CST ResultTree 1D complex local Cartesian H-field probe,14,fibonacci_snap_48,fibonacci_snap,48,nearest_full96_cell_aggregation
L1_short_dipole_x_1p2G,1200000000,35,35,level1_local_sphere_r0p35,-0.229477015439,0.248057929627,4.09114583333,-0.655648615541,0.708736941793,0.260416666667,-0.734064875349,-0.679079346453,0.0,0.176843579805,-0.191162727955,0.965496328176,0.0320704250054,Hy,4.77619894308e-06,2.473926345144e-06,C:\csttmp\huy_sf_safe_hfield96_s\L1_short_dipole_x_1p2G_hfield96.cst,1D Results\Probes\H-Field\H-Field (-0.229477 0.248058 4.09115)(Y) [1],CST ResultTree 1D complex local Cartesian H-field probe,14,fibonacci_snap_48,fibonacci_snap,48,nearest_full96_cell_aggregation
L1_short_dipole_x_1p2G,1200000000,35,35,level1_local_sphere_r0p35,-0.229477015439,0.248057929627,4.09114583333,-0.655648615541,0.708736941793,0.260416666667,-0.734064875349,-0.679079346453,0.0,0.176843579805,-0.191162727955,0.965496328176,0.0320704250054,Hz,-1.200740108329e-05,-6.304304712897e-06,C:\csttmp\huy_sf_safe_hfield96_s\L1_short_dipole_x_1p2G_hfield96.cst,1D Results\Probes\H-Field\H-Field (-0.229477 0.248058 4.09115)(Z) [1],CST ResultTree 1D complex local Cartesian H-field probe,14,fibonacci_snap_48,fibonacci_snap,48,nearest_full96_cell_aggregation
L1_short_dipole_x_1p2G,1200000000,36,36,level1_local_sphere_r0p35,0.00165767044176,-0.339802488015,4.08385416667,0.00473620126218,-0.970864251472,0.239583333333,0.999988101135,0.00487827716345,-0.0,-0.00116875390374,0.239580482564,0.970875803792,0.0320704250054,Hx,1.746333890887e-12,1.003827628314e-12,C:\csttmp\huy_sf_safe_hfield96_s\L1_short_dipole_x_1p2G_hfield96.cst,1D Results\Probes\H-Field\H-Field (0.00165767 -0.339802 4.08385)(X) [1],CST ResultTree 1D complex local Cartesian H-field probe,15,fibonacci_snap_48,fibonacci_snap,48,nearest_full96_cell_aggregation
L1_short_dipole_x_1p2G,1200000000,36,36,level1_local_sphere_r0p35,0.00165767044176,-0.339802488015,4.08385416667,0.00473620126218,-0.970864251472,0.239583333333,0.999988101135,0.00487827716345,-0.0,-0.00116875390374,0.239580482564,0.970875803792,0.0320704250054,Hy,4.596439374843e-06,2.195108146041e-06,C:\csttmp\huy_sf_safe_hfield96_s\L1_short_dipole_x_1p2G_hfield96.cst,1D Results\Probes\H-Field\H-Field (0.00165767 -0.339802 4.08385)(Y) [1],CST ResultTree 1D complex local Cartesian H-field probe,15,fibonacci_snap_48,fibonacci_snap,48,nearest_full96_cell_aggregation
L1_short_dipole_x_1p2G,1200000000,36,36,level1_local_sphere_r0p35,0.00165767044176,-0.339802488015,4.08385416667,0.00473620126218,-0.970864251472,0.239583333333,0.999988101135,0.00487827716345,-0.0,-0.00116875390374,0.239580482564,0.970875803792,0.0320704250054,Hz,1.64590093271e-05,9.252918099521e-06,C:\csttmp\huy_sf_safe_hfield96_s\L1_short_dipole_x_1p2G_hfield96.cst,1D Results\Probes\H-Field\H-Field (0.00165767 -0.339802 4.08385)(Z) [1],CST ResultTree 1D complex local Cartesian H-field probe,15,fibonacci_snap_48,fibonacci_snap,48,nearest_full96_cell_aggregation
L1_short_dipole_x_1p2G,1200000000,37,37,level1_local_sphere_r0p35,0.229464458271,0.25295107429,4.0765625,0.655612737916,0.722717355114,0.21875,-0.740655333102,0.671885166935,0.0,-0.146974880267,-0.162018354116,0.97578093725,0.0320704250054,Hx,-3.1847833478450002e-12,1.700765869489e-11,C:\csttmp\huy_sf_safe_hfield96_s\L1_short_dipole_x_1p2G_hfield96.cst,1D Results\Probes\H-Field\H-Field (0.229464 0.252951 4.07656)(X) [1],CST ResultTree 1D complex local Cartesian H-field probe,16,fibonacci_snap_48,fibonacci_snap,48,nearest_full96_cell_aggregation
L1_short_dipole_x_1p2G,1200000000,37,37,level1_local_sphere_r0p35,0.229464458271,0.25295107429,4.0765625,0.655612737916,0.722717355114,0.21875,-0.740655333102,0.671885166935,0.0,-0.146974880267,-0.162018354116,0.97578093725,0.0320704250054,Hy,4.10795516623e-06,2.006615159602e-06,C:\csttmp\huy_sf_safe_hfield96_s\L1_short_dipole_x_1p2G_hfield96.cst,1D Results\Probes\H-Field\H-Field (0.229464 0.252951 4.07656)(Y) [1],CST ResultTree 1D complex local Cartesian H-field probe,16,fibonacci_snap_48,fibonacci_snap,48,nearest_full96_cell_aggregation
L1_short_dipole_x_1p2G,1200000000,37,37,level1_local_sphere_r0p35,0.229464458271,0.25295107429,4.0765625,0.655612737916,0.722717355114,0.21875,-0.740655333102,0.671885166935,0.0,-0.146974880267,-0.162018354116,0.97578093725,0.0320704250054,Hz,-1.236850175501e-05,-6.378611829583e-06,C:\csttmp\huy_sf_safe_hfield96_s\L1_short_dipole_x_1p2G_hfield96.cst,1D Results\Probes\H-Field\H-Field (0.229464 0.252951 4.07656)(Z) [1],CST ResultTree 1D complex local Cartesian H-field probe,16,fibonacci_snap_48,fibonacci_snap,48,nearest_full96_cell_aggregation
L1_short_dipole_x_1p2G,1200000000,38,38,level1_local_sphere_r0p35,-0.341612586807,-0.0316605777627,4.06927083333,-0.976035962306,-0.0904587936076,0.197916666667,0.0922842828896,-0.995732700644,0.0,0.197072097002,0.0182645976552,0.980218849572,0.0320704250054,Hx,7.0453417231e-12,-2.1502886461730003e-11,C:\csttmp\huy_sf_safe_hfield96_s\L1_short_dipole_x_1p2G_hfield96.cst,1D Results\Probes\H-Field\H-Field (-0.341613 -0.0316606 4.06927)(X) [1],CST ResultTree 1D complex local Cartesian H-field probe,17,fibonacci_snap_48,fibonacci_snap,48,nearest_full96_cell_aggregation
L1_short_dipole_x_1p2G,1200000000,38,38,level1_local_sphere_r0p35,-0.341612586807,-0.0316605777627,4.06927083333,-0.976035962306,-0.0904587936076,0.197916666667,0.0922842828896,-0.995732700644,0.0,0.197072097002,0.0182645976552,0.980218849572,0.0320704250054,Hy,3.674609642084e-06,1.822289764369e-06,C:\csttmp\huy_sf_safe_hfield96_s\L1_short_dipole_x_1p2G_hfield96.cst,1D Results\Probes\H-Field\H-Field (-0.341613 -0.0316606 4.06927)(Y) [1],CST ResultTree 1D complex local Cartesian H-field probe,17,fibonacci_snap_48,fibonacci_snap,48,nearest_full96_cell_aggregation
L1_short_dipole_x_1p2G,1200000000,38,38,level1_local_sphere_r0p35,-0.341612586807,-0.0316605777627,4.06927083333,-0.976035962306,-0.0904587936076,0.197916666667,0.0922842828896,-0.995732700644,0.0,0.197072097002,0.0182645976552,0.980218849572,0.0320704250054,Hz,1.873485107313e-06,8.328470242554e-07,C:\csttmp\huy_sf_safe_hfield96_s\L1_short_dipole_x_1p2G_hfield96.cst,1D Results\Probes\H-Field\H-Field (-0.341613 -0.0316606 4.06927)(Z) [1],CST ResultTree 1D complex local Cartesian H-field probe,17,fibonacci_snap_48,fibonacci_snap,48,nearest_full96_cell_aggregation
L1_short_dipole_x_1p2G,1200000000,39,39,level1_local_sphere_r0p35,0.274389676997,-0.20825198212,4.06197916667,0.783970505705,-0.5950056632,0.177083333333,0.604560216825,0.796559441744,-0.0,-0.141057401142,0.107057538396,0.984195861125,0.0320704250054,Hx,-1.909675978556e-12,1.5917624444660002e-11,C:\csttmp\huy_sf_safe_hfield96_s\L1_short_dipole_x_1p2G_hfield96.cst,1D Results\Probes\H-Field\H-Field (0.27439 -0.208252 4.06198)(X) [1],CST ResultTree 1D complex local Cartesian H-field probe,18,fibonacci_snap_48,fibonacci_snap,48,nearest_full96_cell_aggregation
L1_short_dipole_x_1p2G,1200000000,39,39,level1_local_sphere_r0p35,0.274389676997,-0.20825198212,4.06197916667,0.783970505705,-0.5950056632,0.177083333333,0.604560216825,0.796559441744,-0.0,-0.141057401142,0.107057538396,0.984195861125,0.0320704250054,Hy,3.41935816067e-06,1.692837364562e-06,C:\csttmp\huy_sf_safe_hfield96_s\L1_short_dipole_x_1p2G_hfield96.cst,1D Results\Probes\H-Field\H-Field (0.27439 -0.208252 4.06198)(Y) [1],CST ResultTree 1D complex local Cartesian H-field probe,18,fibonacci_snap_48,fibonacci_snap,48,nearest_full96_cell_aggregation
L1_short_dipole_x_1p2G,1200000000,39,39,level1_local_sphere_r0p35,0.274389676997,-0.20825198212,4.06197916667,0.783970505705,-0.5950056632,0.177083333333,0.604560216825,0.796559441744,-0.0,-0.141057401142,0.107057538396,0.984195861125,0.0320704250054,Hz,1.008888924372e-05,5.372056483337e-06,C:\csttmp\huy_sf_safe_hfield96_s\L1_short_dipole_x_1p2G_hfield96.cst,1D Results\Probes\H-Field\H-Field (0.27439 -0.208252 4.06198)(Z) [1],CST ResultTree 1D complex local Cartesian H-field probe,18,fibonacci_snap_48,fibonacci_snap,48,nearest_full96_cell_aggregation
L1_short_dipole_x_1p2G,1200000000,40,40,level1_local_sphere_r0p35,-0.0618748285048,0.340118777696,4.0546875,-0.1767852243,0.971767936274,0.15625,-0.983852060512,-0.17898358312,0.0,0.0279661848625,-0.153726884455,0.98771753933,0.0481056375081,Hx,2.594452785421e-12,-2.5190084185740002e-12,C:\csttmp\huy_sf_safe_hfield96_s\L1_short_dipole_x_1p2G_hfield96.cst,1D Results\Probes\H-Field\H-Field (-0.0618748 0.340119 4.05469)(X) [1],CST ResultTree 1D complex local Cartesian H-field probe,19,fibonacci_snap_48,fibonacci_snap,48,nearest_full96_cell_aggregation
L1_short_dipole_x_1p2G,1200000000,40,40,level1_local_sphere_r0p35,-0.0618748285048,0.340118777696,4.0546875,-0.1767852243,0.971767936274,0.15625,-0.983852060512,-0.17898358312,0.0,0.0279661848625,-0.153726884455,0.98771753933,0.0481056375081,Hy,3.103537421432e-06,1.331308975538e-06,C:\csttmp\huy_sf_safe_hfield96_s\L1_short_dipole_x_1p2G_hfield96.cst,1D Results\Probes\H-Field\H-Field (-0.0618748 0.340119 4.05469)(Y) [1],CST ResultTree 1D complex local Cartesian H-field probe,19,fibonacci_snap_48,fibonacci_snap,48,nearest_full96_cell_aggregation
L1_short_dipole_x_1p2G,1200000000,40,40,level1_local_sphere_r0p35,-0.0618748285048,0.340118777696,4.0546875,-0.1767852243,0.971767936274,0.15625,-0.983852060512,-0.17898358312,0.0,0.0279661848625,-0.153726884455,0.98771753933,0.0481056375081,Hz,-1.665629615968e-05,-9.548747256211e-06,C:\csttmp\huy_sf_safe_hfield96_s\L1_short_dipole_x_1p2G_hfield96.cst,1D Results\Probes\H-Field\H-Field (-0.0618748 0.340119 4.05469)(Z) [1],CST ResultTree 1D complex local Cartesian H-field probe,19,fibonacci_snap_48,fibonacci_snap,48,nearest_full96_cell_aggregation
L1_short_dipole_x_1p2G,1200000000,41,41,level1_local_sphere_r0p35,-0.184694868797,-0.293498620819,4.04739583333,-0.527699625134,-0.838567488055,0.135416666667,0.846363563284,-0.532605593986,0.0,0.0721236741855,0.114611732528,0.990788739535,0.0481056375081,Hx,2.92508484627e-12,-7.864615584621e-12,C:\csttmp\huy_sf_safe_hfield96_s\L1_short_dipole_x_1p2G_hfield96.cst,1D Results\Probes\H-Field\H-Field (-0.184695 -0.293499 4.0474)(X) [1],CST ResultTree 1D complex local Cartesian H-field probe,20,fibonacci_snap_48,fibonacci_snap,48,nearest_full96_cell_aggregation
L1_short_dipole_x_1p2G,1200000000,41,41,level1_local_sphere_r0p35,-0.184694868797,-0.293498620819,4.04739583333,-0.527699625134,-0.838567488055,0.135416666667,0.846363563284,-0.532605593986,0.0,0.0721236741855,0.114611732528,0.990788739535,0.0481056375081,Hy,2.663359149538e-06,1.068185856649e-06,C:\csttmp\huy_sf_safe_hfield96_s\L1_short_dipole_x_1p2G_hfield96.cst,1D Results\Probes\H-Field\H-Field (-0.184695 -0.293499 4.0474)(Y) [1],CST ResultTree 1D complex local Cartesian H-field probe,20,fibonacci_snap_48,fibonacci_snap,48,nearest_full96_cell_aggregation
L1_short_dipole_x_1p2G,1200000000,41,41,level1_local_sphere_r0p35,-0.184694868797,-0.293498620819,4.04739583333,-0.527699625134,-0.838567488055,0.135416666667,0.846363563284,-0.532605593986,0.0,0.0721236741855,0.114611732528,0.990788739535,0.0481056375081,Hz,1.449251429516e-05,8.537046323333e-06,C:\csttmp\huy_sf_safe_hfield96_s\L1_short_dipole_x_1p2G_hfield96.cst,1D Results\Probes\H-Field\H-Field (-0.184695 -0.293499 4.0474)(Z) [1],CST ResultTree 1D complex local Cartesian H-field probe,20,fibonacci_snap_48,fibonacci_snap,48,nearest_full96_cell_aggregation
L1_short_dipole_x_1p2G,1200000000,42,42,level1_local_sphere_r0p35,0.335329760907,0.0918999851235,4.04010416667,0.958085031164,0.262571386067,0.114583333333,-0.264312241699,0.964437161711,0.0,-0.110508424779,-0.0302857776946,0.993413639791,0.0481056375081,Hx,-2.248867877437e-12,1.3160917957180002e-11,C:\csttmp\huy_sf_safe_hfield96_s\L1_short_dipole_x_1p2G_hfield96.cst,1D Results\Probes\H-Field\H-Field (0.33533 0.0919 4.0401)(X) [1],CST ResultTree 1D complex local Cartesian H-field probe,21,fibonacci_snap_48,fibonacci_snap,48,nearest_full96_cell_aggregation
L1_short_dipole_x_1p2G,1200000000,42,42,level1_local_sphere_r0p35,0.335329760907,0.0918999851235,4.04010416667,0.958085031164,0.262571386067,0.114583333333,-0.264312241699,0.964437161711,0.0,-0.110508424779,-0.0302857776946,0.993413639791,0.0481056375081,Hy,2.194132188185e-06,1.012596774199e-06,C:\csttmp\huy_sf_safe_hfield96_s\L1_short_dipole_x_1p2G_hfield96.cst,1D Results\Probes\H-Field\H-Field (0.33533 0.0919 4.0401)(Y) [1],CST ResultTree 1D complex local Cartesian H-field probe,21,fibonacci_snap_48,fibonacci_snap,48,nearest_full96_cell_aggregation
L1_short_dipole_x_1p2G,1200000000,42,42,level1_local_sphere_r0p35,0.335329760907,0.0918999851235,4.04010416667,0.958085031164,0.262571386067,0.114583333333,-0.264312241699,0.964437161711,0.0,-0.110508424779,-0.0302857776946,0.993413639791,0.0481056375081,Hz,-4.805615813196e-06,-2.535802493191e-06,C:\csttmp\huy_sf_safe_hfield96_s\L1_short_dipole_x_1p2G_hfield96.cst,1D Results\Probes\H-Field\H-Field (0.33533 0.0919 4.0401)(Z) [1],CST ResultTree 1D complex local Cartesian H-field probe,21,fibonacci_snap_48,fibonacci_snap,48,nearest_full96_cell_aggregation
L1_short_dipole_x_1p2G,1200000000,43,43,level1_local_sphere_r0p35,-0.310018771595,0.159096515054,4.0328125,-0.885767918844,0.454561471583,0.09375,-0.456572321037,-0.889686301829,0.0,0.0834080907965,-0.0428036550972,0.99559577013,0.0481056375081,Hx,3.21841445779e-12,-9.181654120654e-12,C:\csttmp\huy_sf_safe_hfield96_s\L1_short_dipole_x_1p2G_hfield96.cst,1D Results\Probes\H-Field\H-Field (-0.310019 0.159097 4.03281)(X) [1],CST ResultTree 1D complex local Cartesian H-field probe,22,fibonacci_snap_48,fibonacci_snap,48,nearest_full96_cell_aggregation
L1_short_dipole_x_1p2G,1200000000,43,43,level1_local_sphere_r0p35,-0.310018771595,0.159096515054,4.0328125,-0.885767918844,0.454561471583,0.09375,-0.456572321037,-0.889686301829,0.0,0.0834080907965,-0.0428036550972,0.99559577013,0.0481056375081,Hy,1.854080893099e-06,8.537620519941e-07,C:\csttmp\huy_sf_safe_hfield96_s\L1_short_dipole_x_1p2G_hfield96.cst,1D Results\Probes\H-Field\H-Field (-0.310019 0.159097 4.03281)(Y) [1],CST ResultTree 1D complex local Cartesian H-field probe,22,fibonacci_snap_48,fibonacci_snap,48,nearest_full96_cell_aggregation
L1_short_dipole_x_1p2G,1200000000,43,43,level1_local_sphere_r0p35,-0.310018771595,0.159096515054,4.0328125,-0.885767918844,0.454561471583,0.09375,-0.456572321037,-0.889686301829,0.0,0.0834080907965,-0.0428036550972,0.99559577013,0.0481056375081,Hz,-7.724930990687e-06,-4.51682221045e-06,C:\csttmp\huy_sf_safe_hfield96_s\L1_short_dipole_x_1p2G_hfield96.cst,1D Results\Probes\H-Field\H-Field (-0.310019 0.159097 4.03281)(Z) [1],CST ResultTree 1D complex local Cartesian H-field probe,22,fibonacci_snap_48,fibonacci_snap,48,nearest_full96_cell_aggregation
L1_short_dipole_x_1p2G,1200000000,44,44,level1_local_sphere_r0p35,0.121342016448,-0.327299254674,4.02552083333,0.346691475567,-0.93514072764,0.0729166666667,0.937636681948,0.347616818733,-0.0,-0.0253470596993,0.068369341392,0.997338036837,0.0481056375081,Hx,-9.897277176196999e-14,3.032348911763e-12,C:\csttmp\huy_sf_safe_hfield96_s\L1_short_dipole_x_1p2G_hfield96.cst,1D Results\Probes\H-Field\H-Field (0.121342 -0.327299 4.02552)(X) [1],CST ResultTree 1D complex local Cartesian H-field probe,23,fibonacci_snap_48,fibonacci_snap,48,nearest_full96_cell_aggregation
L1_short_dipole_x_1p2G,1200000000,44,44,level1_local_sphere_r0p35,0.121342016448,-0.327299254674,4.02552083333,0.346691475567,-0.93514072764,0.0729166666667,0.937636681948,0.347616818733,-0.0,-0.0253470596993,0.068369341392,0.997338036837,0.0481056375081,Hy,1.500982830066e-06,5.783243404364e-07,C:\csttmp\huy_sf_safe_hfield96_s\L1_short_dipole_x_1p2G_hfield96.cst,1D Results\Probes\H-Field\H-Field (0.121342 -0.327299 4.02552)(Y) [1],CST ResultTree 1D complex local Cartesian H-field probe,23,fibonacci_snap_48,fibonacci_snap,48,nearest_full96_cell_aggregation
