sample_id,frequency_hz,sensor_id,node_id,prior_id,x_m,y_m,z_m,normal_x,normal_y,normal_z,tangent1_x,tangent1_y,tangent1_z,tangent2_x,tangent2_y,tangent2_z,weight_m2,polarization,e_real,e_imag,cst_project,cst_probe_item,extraction_method,selection_order,layout_candidate,layout_method,layout_sensor_count,weighting_model
L1_short_dipole_x_1p2G,1200000000,0,0,level1_local_sphere_r0p35,0.050386419129,0.0,4.34635416667,0.143961197511,0.0,0.989583333333,0.0,-1.0,0.0,0.989583333333,0.0,-0.143961197511,0.0641408500108,Ex,0.006453757546652,0.003570417185833,C:\csttmp\huy_sf_safe_efield96_s\L1_short_dipole_x_1p2G_efield96.cst,1D Results\Probes\E-Field\E-Field (0.0503864 0 4.34635)(X) [1],CST ResultTree 1D complex local Cartesian E-field probe,0,fibonacci_snap_24,fibonacci_snap,24,nearest_full96_cell_aggregation
L1_short_dipole_x_1p2G,1200000000,0,0,level1_local_sphere_r0p35,0.050386419129,0.0,4.34635416667,0.143961197511,0.0,0.989583333333,0.0,-1.0,0.0,0.989583333333,0.0,-0.143961197511,0.0641408500108,Ey,8.248139148536e-06,1.194698038857e-07,C:\csttmp\huy_sf_safe_efield96_s\L1_short_dipole_x_1p2G_efield96.cst,1D Results\Probes\E-Field\E-Field (0.0503864 0 4.34635)(Y) [1],CST ResultTree 1D complex local Cartesian E-field probe,0,fibonacci_snap_24,fibonacci_snap,24,nearest_full96_cell_aggregation
L1_short_dipole_x_1p2G,1200000000,0,0,level1_local_sphere_r0p35,0.050386419129,0.0,4.34635416667,0.143961197511,0.0,0.989583333333,0.0,-1.0,0.0,0.989583333333,0.0,-0.143961197511,0.0641408500108,Ez,-0.0009415314618472,-0.000394049894416,C:\csttmp\huy_sf_safe_efield96_s\L1_short_dipole_x_1p2G_efield96.cst,1D Results\Probes\E-Field\E-Field (0.0503864 0 4.34635)(Z) [1],CST ResultTree 1D complex local Cartesian E-field probe,0,fibonacci_snap_24,fibonacci_snap,24,nearest_full96_cell_aggregation
L1_short_dipole_x_1p2G,1200000000,9,9,level1_local_sphere_r0p35,-0.193210631957,0.0797545401925,4.28072916667,-0.552030377021,0.227870114836,0.802083333333,-0.381556408475,-0.924345556138,0.0,0.741402164819,-0.306040035964,0.597212128468,0.0641408500108,Ex,0.004079264605615,0.002989839661653,C:\csttmp\huy_sf_safe_efield96_s\L1_short_dipole_x_1p2G_efield96.cst,1D Results\Probes\E-Field\E-Field (-0.193211 0.0797545 4.28073)(X) [1],CST ResultTree 1D complex local Cartesian E-field probe,1,fibonacci_snap_24,fibonacci_snap,24,nearest_full96_cell_aggregation
L1_short_dipole_x_1p2G,1200000000,9,9,level1_local_sphere_r0p35,-0.193210631957,0.0797545401925,4.28072916667,-0.552030377021,0.227870114836,0.802083333333,-0.381556408475,-0.924345556138,0.0,0.741402164819,-0.306040035964,0.597212128468,0.0641408500108,Ey,0.0009520432268468,0.0002601487847264,C:\csttmp\huy_sf_safe_efield96_s\L1_short_dipole_x_1p2G_efield96.cst,1D Results\Probes\E-Field\E-Field (-0.193211 0.0797545 4.28073)(Y) [1],CST ResultTree 1D complex local Cartesian E-field probe,1,fibonacci_snap_24,fibonacci_snap,24,nearest_full96_cell_aggregation
L1_short_dipole_x_1p2G,1200000000,9,9,level1_local_sphere_r0p35,-0.193210631957,0.0797545401925,4.28072916667,-0.552030377021,0.227870114836,0.802083333333,-0.381556408475,-0.924345556138,0.0,0.741402164819,-0.306040035964,0.597212128468,0.0641408500108,Ez,0.003294477181644,0.0009409747872287,C:\csttmp\huy_sf_safe_efield96_s\L1_short_dipole_x_1p2G_efield96.cst,1D Results\Probes\E-Field\E-Field (-0.193211 0.0797545 4.28073)(Z) [1],CST ResultTree 1D complex local Cartesian E-field probe,1,fibonacci_snap_24,fibonacci_snap,24,nearest_full96_cell_aggregation
L1_short_dipole_x_1p2G,1200000000,10,10,level1_local_sphere_r0p35,0.0926003435022,-0.197881555424,4.2734375,0.264572410006,-0.56537587264,0.78125,0.905734272556,0.423845995048,-0.0,-0.331129683631,0.707604900434,0.624218261107,0.0801760625135,Ex,0.005834847011107,0.003576896228621,C:\csttmp\huy_sf_safe_efield96_s\L1_short_dipole_x_1p2G_efield96.cst,1D Results\Probes\E-Field\E-Field (0.0926003 -0.197882 4.27344)(X) [1],CST ResultTree 1D complex local Cartesian E-field probe,2,fibonacci_snap_24,fibonacci_snap,24,nearest_full96_cell_aggregation
L1_short_dipole_x_1p2G,1200000000,10,10,level1_local_sphere_r0p35,0.0926003435022,-0.197881555424,4.2734375,0.264572410006,-0.56537587264,0.78125,0.905734272556,0.423845995048,-0.0,-0.331129683631,0.707604900434,0.624218261107,0.0801760625135,Ey,0.001013181274102,0.000287421464878,C:\csttmp\huy_sf_safe_efield96_s\L1_short_dipole_x_1p2G_efield96.cst,1D Results\Probes\E-Field\E-Field (0.0926003 -0.197882 4.27344)(Y) [1],CST ResultTree 1D complex local Cartesian E-field probe,2,fibonacci_snap_24,fibonacci_snap,24,nearest_full96_cell_aggregation
L1_short_dipole_x_1p2G,1200000000,10,10,level1_local_sphere_r0p35,0.0926003435022,-0.197881555424,4.2734375,0.264572410006,-0.56537587264,0.78125,0.905734272556,0.423845995048,-0.0,-0.331129683631,0.707604900434,0.624218261107,0.0801760625135,Ez,-0.001465393698258,-0.000404554605299,C:\csttmp\huy_sf_safe_efield96_s\L1_short_dipole_x_1p2G_efield96.cst,1D Results\Probes\E-Field\E-Field (0.0926003 -0.197882 4.27344)(Z) [1],CST ResultTree 1D complex local Cartesian E-field probe,2,fibonacci_snap_24,fibonacci_snap,24,nearest_full96_cell_aggregation
L1_short_dipole_x_1p2G,1200000000,16,16,level1_local_sphere_r0p35,0.201936333078,0.170192155303,4.2296875,0.576960951652,0.486263300866,0.65625,-0.644446982884,0.764648995456,0.0,-0.501800903268,-0.422918332518,0.754543529228,0.0641408500108,Ex,0.004054012330742,0.002822115549902,C:\csttmp\huy_sf_safe_efield96_s\L1_short_dipole_x_1p2G_efield96.cst,1D Results\Probes\E-Field\E-Field (0.201936 0.170192 4.22969)(X) [1],CST ResultTree 1D complex local Cartesian E-field probe,3,fibonacci_snap_24,fibonacci_snap,24,nearest_full96_cell_aggregation
L1_short_dipole_x_1p2G,1200000000,16,16,level1_local_sphere_r0p35,0.201936333078,0.170192155303,4.2296875,0.576960951652,0.486263300866,0.65625,-0.644446982884,0.764648995456,0.0,-0.501800903268,-0.422918332518,0.754543529228,0.0641408500108,Ey,-0.002035093191628,-0.0006173875101816,C:\csttmp\huy_sf_safe_efield96_s\L1_short_dipole_x_1p2G_efield96.cst,1D Results\Probes\E-Field\E-Field (0.201936 0.170192 4.22969)(Y) [1],CST ResultTree 1D complex local Cartesian E-field probe,3,fibonacci_snap_24,fibonacci_snap,24,nearest_full96_cell_aggregation
L1_short_dipole_x_1p2G,1200000000,16,16,level1_local_sphere_r0p35,0.201936333078,0.170192155303,4.2296875,0.576960951652,0.486263300866,0.65625,-0.644446982884,0.764648995456,0.0,-0.501800903268,-0.422918332518,0.754543529228,0.0641408500108,Ez,-0.002780100229215,-0.0007728088857892,C:\csttmp\huy_sf_safe_efield96_s\L1_short_dipole_x_1p2G_efield96.cst,1D Results\Probes\E-Field\E-Field (0.201936 0.170192 4.22969)(Z) [1],CST ResultTree 1D complex local Cartesian E-field probe,3,fibonacci_snap_24,fibonacci_snap,24,nearest_full96_cell_aggregation
L1_short_dipole_x_1p2G,1200000000,17,17,level1_local_sphere_r0p35,-0.270028520695,0.0111665270975,4.22239583333,-0.771510059128,0.0319043631356,0.635416666667,-0.0413178261974,-0.999146054007,0.0,0.63487405515,-0.0262540353962,0.772169450135,0.0481056375081,Ex,0.002136990936158,0.002553643475719,C:\csttmp\huy_sf_safe_efield96_s\L1_short_dipole_x_1p2G_efield96.cst,1D Results\Probes\E-Field\E-Field (-0.270029 0.0111665 4.2224)(X) [1],CST ResultTree 1D complex local Cartesian E-field probe,4,fibonacci_snap_24,fibonacci_snap,24,nearest_full96_cell_aggregation
L1_short_dipole_x_1p2G,1200000000,17,17,level1_local_sphere_r0p35,-0.270028520695,0.0111665270975,4.22239583333,-0.771510059128,0.0319043631356,0.635416666667,-0.0413178261974,-0.999146054007,0.0,0.63487405515,-0.0262540353962,0.772169450135,0.0481056375081,Ey,0.0001724092243913,5.497252475913e-05,C:\csttmp\huy_sf_safe_efield96_s\L1_short_dipole_x_1p2G_efield96.cst,1D Results\Probes\E-Field\E-Field (-0.270029 0.0111665 4.2224)(Y) [1],CST ResultTree 1D complex local Cartesian E-field probe,4,fibonacci_snap_24,fibonacci_snap,24,nearest_full96_cell_aggregation
L1_short_dipole_x_1p2G,1200000000,17,17,level1_local_sphere_r0p35,-0.270028520695,0.0111665270975,4.22239583333,-0.771510059128,0.0319043631356,0.635416666667,-0.0413178261974,-0.999146054007,0.0,0.63487405515,-0.0262540353962,0.772169450135,0.0481056375081,Ez,0.003472473288924,0.00101038345633,C:\csttmp\huy_sf_safe_efield96_s\L1_short_dipole_x_1p2G_efield96.cst,1D Results\Probes\E-Field\E-Field (-0.270029 0.0111665 4.2224)(Z) [1],CST ResultTree 1D complex local Cartesian E-field probe,4,fibonacci_snap_24,fibonacci_snap,24,nearest_full96_cell_aggregation
L1_short_dipole_x_1p2G,1200000000,26,26,level1_local_sphere_r0p35,0.28407177367,-0.131248364636,4.15677083333,0.811633639058,-0.374995327533,0.447916666667,0.419422528944,0.907791133584,-0.0,-0.406614778585,0.187866341089,0.894075309872,0.0481056375081,Ex,0.001740301713852,0.001961619719967,C:\csttmp\huy_sf_safe_efield96_s\L1_short_dipole_x_1p2G_efield96.cst,1D Results\Probes\E-Field\E-Field (0.284072 -0.131248 4.15677)(X) [1],CST ResultTree 1D complex local Cartesian E-field probe,5,fibonacci_snap_24,fibonacci_snap,24,nearest_full96_cell_aggregation
L1_short_dipole_x_1p2G,1200000000,26,26,level1_local_sphere_r0p35,0.28407177367,-0.131248364636,4.15677083333,0.811633639058,-0.374995327533,0.447916666667,0.419422528944,0.907791133584,-0.0,-0.406614778585,0.187866341089,0.894075309872,0.0481056375081,Ey,0.002150466522093,0.000629935183307,C:\csttmp\huy_sf_safe_efield96_s\L1_short_dipole_x_1p2G_efield96.cst,1D Results\Probes\E-Field\E-Field (0.284072 -0.131248 4.15677)(Y) [1],CST ResultTree 1D complex local Cartesian E-field probe,5,fibonacci_snap_24,fibonacci_snap,24,nearest_full96_cell_aggregation
L1_short_dipole_x_1p2G,1200000000,26,26,level1_local_sphere_r0p35,0.28407177367,-0.131248364636,4.15677083333,0.811633639058,-0.374995327533,0.447916666667,0.419422528944,0.907791133584,-0.0,-0.406614778585,0.187866341089,0.894075309872,0.0481056375081,Ez,-0.002563125124079,-0.0007435453333002,C:\csttmp\huy_sf_safe_efield96_s\L1_short_dipole_x_1p2G_efield96.cst,1D Results\Probes\E-Field\E-Field (0.284072 -0.131248 4.15677)(Z) [1],CST ResultTree 1D complex local Cartesian E-field probe,5,fibonacci_snap_24,fibonacci_snap,24,nearest_full96_cell_aggregation
L1_short_dipole_x_1p2G,1200000000,27,27,level1_local_sphere_r0p35,-0.122178408413,0.291939060851,4.14947916667,-0.349081166895,0.83411160243,0.427083333333,-0.922473219561,-0.386061082204,0.0,0.164880253858,-0.393972937521,0.904212268435,0.0641408500108,Ex,0.005361801169245,0.003209094819209,C:\csttmp\huy_sf_safe_efield96_s\L1_short_dipole_x_1p2G_efield96.cst,1D Results\Probes\E-Field\E-Field (-0.122178 0.291939 4.14948)(X) [1],CST ResultTree 1D complex local Cartesian E-field probe,6,fibonacci_snap_24,fibonacci_snap,24,nearest_full96_cell_aggregation
L1_short_dipole_x_1p2G,1200000000,27,27,level1_local_sphere_r0p35,-0.122178408413,0.291939060851,4.14947916667,-0.349081166895,0.83411160243,0.427083333333,-0.922473219561,-0.386061082204,0.0,0.164880253858,-0.393972937521,0.904212268435,0.0641408500108,Ey,0.002111035007151,0.000567910921313,C:\csttmp\huy_sf_safe_efield96_s\L1_short_dipole_x_1p2G_efield96.cst,1D Results\Probes\E-Field\E-Field (-0.122178 0.291939 4.14948)(Y) [1],CST ResultTree 1D complex local Cartesian E-field probe,6,fibonacci_snap_24,fibonacci_snap,24,nearest_full96_cell_aggregation
L1_short_dipole_x_1p2G,1200000000,27,27,level1_local_sphere_r0p35,-0.122178408413,0.291939060851,4.14947916667,-0.349081166895,0.83411160243,0.427083333333,-0.922473219561,-0.386061082204,0.0,0.164880253858,-0.393972937521,0.904212268435,0.0641408500108,Ez,0.001054615700603,0.000308298449755,C:\csttmp\huy_sf_safe_efield96_s\L1_short_dipole_x_1p2G_efield96.cst,1D Results\Probes\E-Field\E-Field (-0.122178 0.291939 4.14948)(Z) [1],CST ResultTree 1D complex local Cartesian E-field probe,6,fibonacci_snap_24,fibonacci_snap,24,nearest_full96_cell_aggregation
L1_short_dipole_x_1p2G,1200000000,28,28,level1_local_sphere_r0p35,-0.108242687555,-0.300942246012,4.1421875,-0.309264821585,-0.859834988605,0.40625,0.940983556986,-0.338452279475,0.0,0.137496238537,0.382274570026,0.913761969826,0.0962112750162,Ex,0.005648068334612,0.003141236833031,C:\csttmp\huy_sf_safe_efield96_s\L1_short_dipole_x_1p2G_efield96.cst,1D Results\Probes\E-Field\E-Field (-0.108243 -0.300942 4.14219)(X) [1],CST ResultTree 1D complex local Cartesian E-field probe,7,fibonacci_snap_24,fibonacci_snap,24,nearest_full96_cell_aggregation
L1_short_dipole_x_1p2G,1200000000,28,28,level1_local_sphere_r0p35,-0.108242687555,-0.300942246012,4.1421875,-0.309264821585,-0.859834988605,0.40625,0.940983556986,-0.338452279475,0.0,0.137496238537,0.382274570026,0.913761969826,0.0962112750162,Ey,-0.00189492565734,-0.0005484034307279,C:\csttmp\huy_sf_safe_efield96_s\L1_short_dipole_x_1p2G_efield96.cst,1D Results\Probes\E-Field\E-Field (-0.108243 -0.300942 4.14219)(Y) [1],CST ResultTree 1D complex local Cartesian E-field probe,7,fibonacci_snap_24,fibonacci_snap,24,nearest_full96_cell_aggregation
L1_short_dipole_x_1p2G,1200000000,28,28,level1_local_sphere_r0p35,-0.108242687555,-0.300942246012,4.1421875,-0.309264821585,-0.859834988605,0.40625,0.940983556986,-0.338452279475,0.0,0.137496238537,0.382274570026,0.913761969826,0.0962112750162,Ez,0.000893474083041,0.0002591884176395,C:\csttmp\huy_sf_safe_efield96_s\L1_short_dipole_x_1p2G_efield96.cst,1D Results\Probes\E-Field\E-Field (-0.108243 -0.300942 4.14219)(Z) [1],CST ResultTree 1D complex local Cartesian E-field probe,7,fibonacci_snap_24,fibonacci_snap,24,nearest_full96_cell_aggregation
L1_short_dipole_x_1p2G,1200000000,29,29,level1_local_sphere_r0p35,0.285880715676,0.150250892024,4.13489583333,0.816802044788,0.429288262926,0.385416666667,-0.465230759849,0.885189437403,0.0,-0.341166762332,-0.179307688692,0.922742647251,0.0801760625135,Ex,0.001644675969112,0.001921117264096,C:\csttmp\huy_sf_safe_efield96_s\L1_short_dipole_x_1p2G_efield96.cst,1D Results\Probes\E-Field\E-Field (0.285881 0.150251 4.1349)(X) [1],CST ResultTree 1D complex local Cartesian E-field probe,8,fibonacci_snap_24,fibonacci_snap,24,nearest_full96_cell_aggregation
L1_short_dipole_x_1p2G,1200000000,29,29,level1_local_sphere_r0p35,0.285880715676,0.150250892024,4.13489583333,0.816802044788,0.429288262926,0.385416666667,-0.465230759849,0.885189437403,0.0,-0.341166762332,-0.179307688692,0.922742647251,0.0801760625135,Ey,-0.002491990690109,-0.0007138567834229,C:\csttmp\huy_sf_safe_efield96_s\L1_short_dipole_x_1p2G_efield96.cst,1D Results\Probes\E-Field\E-Field (0.285881 0.150251 4.1349)(Y) [1],CST ResultTree 1D complex local Cartesian E-field probe,8,fibonacci_snap_24,fibonacci_snap,24,nearest_full96_cell_aggregation
L1_short_dipole_x_1p2G,1200000000,29,29,level1_local_sphere_r0p35,0.285880715676,0.150250892024,4.13489583333,0.816802044788,0.429288262926,0.385416666667,-0.465230759849,0.885189437403,0.0,-0.341166762332,-0.179307688692,0.922742647251,0.0801760625135,Ez,-0.002242593230662,-0.0006421886099895,C:\csttmp\huy_sf_safe_efield96_s\L1_short_dipole_x_1p2G_efield96.cst,1D Results\Probes\E-Field\E-Field (0.285881 0.150251 4.1349)(Z) [1],CST ResultTree 1D complex local Cartesian E-field probe,8,fibonacci_snap_24,fibonacci_snap,24,nearest_full96_cell_aggregation
L1_short_dipole_x_1p2G,1200000000,43,43,level1_local_sphere_r0p35,-0.310018771595,0.159096515054,4.0328125,-0.885767918844,0.454561471583,0.09375,-0.456572321037,-0.889686301829,0.0,0.0834080907965,-0.0428036550972,0.99559577013,0.0641408500108,Ex,0.0007621275017888,0.001891697354022,C:\csttmp\huy_sf_safe_efield96_s\L1_short_dipole_x_1p2G_efield96.cst,1D Results\Probes\E-Field\E-Field (-0.310019 0.159097 4.03281)(X) [1],CST ResultTree 1D complex local Cartesian E-field probe,9,fibonacci_snap_24,fibonacci_snap,24,nearest_full96_cell_aggregation
L1_short_dipole_x_1p2G,1200000000,43,43,level1_local_sphere_r0p35,-0.310018771595,0.159096515054,4.0328125,-0.885767918844,0.454561471583,0.09375,-0.456572321037,-0.889686301829,0.0,0.0834080907965,-0.0428036550972,0.99559577013,0.0641408500108,Ey,0.002868608460221,0.0008070301774273,C:\csttmp\huy_sf_safe_efield96_s\L1_short_dipole_x_1p2G_efield96.cst,1D Results\Probes\E-Field\E-Field (-0.310019 0.159097 4.03281)(Y) [1],CST ResultTree 1D complex local Cartesian E-field probe,9,fibonacci_snap_24,fibonacci_snap,24,nearest_full96_cell_aggregation
L1_short_dipole_x_1p2G,1200000000,43,43,level1_local_sphere_r0p35,-0.310018771595,0.159096515054,4.0328125,-0.885767918844,0.454561471583,0.09375,-0.456572321037,-0.889686301829,0.0,0.0834080907965,-0.0428036550972,0.99559577013,0.0641408500108,Ez,0.0006283102952552,0.0001441104045413,C:\csttmp\huy_sf_safe_efield96_s\L1_short_dipole_x_1p2G_efield96.cst,1D Results\Probes\E-Field\E-Field (-0.310019 0.159097 4.03281)(Z) [1],CST ResultTree 1D complex local Cartesian E-field probe,9,fibonacci_snap_24,fibonacci_snap,24,nearest_full96_cell_aggregation
L1_short_dipole_x_1p2G,1200000000,44,44,level1_local_sphere_r0p35,0.121342016448,-0.327299254674,4.02552083333,0.346691475567,-0.93514072764,0.0729166666667,0.937636681948,0.347616818733,-0.0,-0.0253470596993,0.068369341392,0.997338036837,0.0641408500108,Ex,0.005695133657214,0.003420396276465,C:\csttmp\huy_sf_safe_efield96_s\L1_short_dipole_x_1p2G_efield96.cst,1D Results\Probes\E-Field\E-Field (0.121342 -0.327299 4.02552)(X) [1],CST ResultTree 1D complex local Cartesian E-field probe,10,fibonacci_snap_24,fibonacci_snap,24,nearest_full96_cell_aggregation
L1_short_dipole_x_1p2G,1200000000,44,44,level1_local_sphere_r0p35,0.121342016448,-0.327299254674,4.02552083333,0.346691475567,-0.93514072764,0.0729166666667,0.937636681948,0.347616818733,-0.0,-0.0253470596993,0.068369341392,0.997338036837,0.0641408500108,Ey,0.002291101725945,0.0006851947996112,C:\csttmp\huy_sf_safe_efield96_s\L1_short_dipole_x_1p2G_efield96.cst,1D Results\Probes\E-Field\E-Field (0.121342 -0.327299 4.02552)(Y) [1],CST ResultTree 1D complex local Cartesian E-field probe,10,fibonacci_snap_24,fibonacci_snap,24,nearest_full96_cell_aggregation
L1_short_dipole_x_1p2G,1200000000,44,44,level1_local_sphere_r0p35,0.121342016448,-0.327299254674,4.02552083333,0.346691475567,-0.93514072764,0.0729166666667,0.937636681948,0.347616818733,-0.0,-0.0253470596993,0.068369341392,0.997338036837,0.0641408500108,Ez,-0.0002019014559006,-4.715461181298e-05,C:\csttmp\huy_sf_safe_efield96_s\L1_short_dipole_x_1p2G_efield96.cst,1D Results\Probes\E-Field\E-Field (0.121342 -0.327299 4.02552)(Z) [1],CST ResultTree 1D complex local Cartesian E-field probe,10,fibonacci_snap_24,fibonacci_snap,24,nearest_full96_cell_aggregation
L1_short_dipole_x_1p2G,1200000000,45,45,level1_local_sphere_r0p35,0.131785818659,0.323728583049,4.01822916667,0.376530910455,0.924938808712,0.0520833333333,-0.926195895389,0.377042654569,0.0,-0.0196376382588,-0.0482393695515,0.99864274212,0.0641408500108,Ex,0.005392540339958,0.003379554605206,C:\csttmp\huy_sf_safe_efield96_s\L1_short_dipole_x_1p2G_efield96.cst,1D Results\Probes\E-Field\E-Field (0.131786 0.323729 4.01823)(X) [1],CST ResultTree 1D complex local Cartesian E-field probe,11,fibonacci_snap_24,fibonacci_snap,24,nearest_full96_cell_aggregation
L1_short_dipole_x_1p2G,1200000000,45,45,level1_local_sphere_r0p35,0.131785818659,0.323728583049,4.01822916667,0.376530910455,0.924938808712,0.0520833333333,-0.926195895389,0.377042654569,0.0,-0.0196376382588,-0.0482393695515,0.99864274212,0.0641408500108,Ey,-0.002508770284435,-0.000742933434403,C:\csttmp\huy_sf_safe_efield96_s\L1_short_dipole_x_1p2G_efield96.cst,1D Results\Probes\E-Field\E-Field (0.131786 0.323729 4.01823)(Y) [1],CST ResultTree 1D complex local Cartesian E-field probe,11,fibonacci_snap_24,fibonacci_snap,24,nearest_full96_cell_aggregation
L1_short_dipole_x_1p2G,1200000000,45,45,level1_local_sphere_r0p35,0.131785818659,0.323728583049,4.01822916667,0.376530910455,0.924938808712,0.0520833333333,-0.926195895389,0.377042654569,0.0,-0.0196376382588,-0.0482393695515,0.99864274212,0.0641408500108,Ez,-0.0001546521090295,-3.513098822257e-05,C:\csttmp\huy_sf_safe_efield96_s\L1_short_dipole_x_1p2G_efield96.cst,1D Results\Probes\E-Field\E-Field (0.131786 0.323729 4.01823)(Z) [1],CST ResultTree 1D complex local Cartesian E-field probe,11,fibonacci_snap_24,fibonacci_snap,24,nearest_full96_cell_aggregation
L1_short_dipole_x_1p2G,1200000000,46,46,level1_local_sphere_r0p35,-0.316125078892,-0.149817574368,4.0109375,-0.903214511119,-0.428050212479,0.03125,0.42825937458,-0.903655857107,0.0,0.0282392455346,0.0133831054556,0.999511599482,0.0801760625135,Ex,0.0005397315355633,0.001870177368831,C:\csttmp\huy_sf_safe_efield96_s\L1_short_dipole_x_1p2G_efield96.cst,1D Results\Probes\E-Field\E-Field (-0.316125 -0.149818 4.01094)(X) [1],CST ResultTree 1D complex local Cartesian E-field probe,12,fibonacci_snap_24,fibonacci_snap,24,nearest_full96_cell_aggregation
L1_short_dipole_x_1p2G,1200000000,46,46,level1_local_sphere_r0p35,-0.316125078892,-0.149817574368,4.0109375,-0.903214511119,-0.428050212479,0.03125,0.42825937458,-0.903655857107,0.0,0.0282392455346,0.0133831054556,0.999511599482,0.0801760625135,Ey,-0.002731477690231,-0.0007784005107057,C:\csttmp\huy_sf_safe_efield96_s\L1_short_dipole_x_1p2G_efield96.cst,1D Results\Probes\E-Field\E-Field (-0.316125 -0.149818 4.01094)(Y) [1],CST ResultTree 1D complex local Cartesian E-field probe,12,fibonacci_snap_24,fibonacci_snap,24,nearest_full96_cell_aggregation
L1_short_dipole_x_1p2G,1200000000,46,46,level1_local_sphere_r0p35,-0.316125078892,-0.149817574368,4.0109375,-0.903214511119,-0.428050212479,0.03125,0.42825937458,-0.903655857107,0.0,0.0282392455346,0.0133831054556,0.999511599482,0.0801760625135,Ez,0.0002153923506942,4.876234556957e-05,C:\csttmp\huy_sf_safe_efield96_s\L1_short_dipole_x_1p2G_efield96.cst,1D Results\Probes\E-Field\E-Field (-0.316125 -0.149818 4.01094)(Z) [1],CST ResultTree 1D complex local Cartesian E-field probe,12,fibonacci_snap_24,fibonacci_snap,24,nearest_full96_cell_aggregation
L1_short_dipole_x_1p2G,1200000000,47,47,level1_local_sphere_r0p35,0.334446318417,-0.10311337448,4.00364583333,0.955560909763,-0.294609641371,0.0104166666667,0.294625626268,0.955612756479,-0.0,-0.00995429954666,0.0030690169403,0.999945745056,0.0801760625135,Ex,-0.0001963011663569,0.001618520820994,C:\csttmp\huy_sf_safe_efield96_s\L1_short_dipole_x_1p2G_efield96.cst,1D Results\Probes\E-Field\E-Field (0.334446 -0.103113 4.00365)(X) [1],CST ResultTree 1D complex local Cartesian E-field probe,13,fibonacci_snap_24,fibonacci_snap,24,nearest_full96_cell_aggregation
L1_short_dipole_x_1p2G,1200000000,47,47,level1_local_sphere_r0p35,0.334446318417,-0.10311337448,4.00364583333,0.955560909763,-0.294609641371,0.0104166666667,0.294625626268,0.955612756479,-0.0,-0.00995429954666,0.0030690169403,0.999945745056,0.0801760625135,Ey,0.002079677970144,0.0005829325668361,C:\csttmp\huy_sf_safe_efield96_s\L1_short_dipole_x_1p2G_efield96.cst,1D Results\Probes\E-Field\E-Field (0.334446 -0.103113 4.00365)(Y) [1],CST ResultTree 1D complex local Cartesian E-field probe,13,fibonacci_snap_24,fibonacci_snap,24,nearest_full96_cell_aggregation
L1_short_dipole_x_1p2G,1200000000,47,47,level1_local_sphere_r0p35,0.334446318417,-0.10311337448,4.00364583333,0.955560909763,-0.294609641371,0.0104166666667,0.294625626268,0.955612756479,-0.0,-0.00995429954666,0.0030690169403,0.999945745056,0.0801760625135,Ez,-7.730284297152e-05,-1.737123142396e-05,C:\csttmp\huy_sf_safe_efield96_s\L1_short_dipole_x_1p2G_efield96.cst,1D Results\Probes\E-Field\E-Field (0.334446 -0.103113 4.00365)(Z) [1],CST ResultTree 1D complex local Cartesian E-field probe,13,fibonacci_snap_24,fibonacci_snap,24,nearest_full96_cell_aggregation
L1_short_dipole_x_1p2G,1200000000,48,48,level1_local_sphere_r0p35,-0.176958222919,0.301947835297,3.99635416667,-0.505594922625,0.86270810085,-0.0104166666667,-0.862754909569,-0.505622355137,0.0,-0.00526689953268,0.00898703030801,0.999945745056,0.0641408500108,Ex,0.004475534026589,0.003180109368899,C:\csttmp\huy_sf_safe_efield96_s\L1_short_dipole_x_1p2G_efield96.cst,1D Results\Probes\E-Field\E-Field (-0.176958 0.301948 3.99635)(X) [1],CST ResultTree 1D complex local Cartesian E-field probe,14,fibonacci_snap_24,fibonacci_snap,24,nearest_full96_cell_aggregation
L1_short_dipole_x_1p2G,1200000000,48,48,level1_local_sphere_r0p35,-0.176958222919,0.301947835297,3.99635416667,-0.505594922625,0.86270810085,-0.0104166666667,-0.862754909569,-0.505622355137,0.0,-0.00526689953268,0.00898703030801,0.999945745056,0.0641408500108,Ey,0.003233114031241,0.0009537758487772,C:\csttmp\huy_sf_safe_efield96_s\L1_short_dipole_x_1p2G_efield96.cst,1D Results\Probes\E-Field\E-Field (-0.176958 0.301948 3.99635)(Y) [1],CST ResultTree 1D complex local Cartesian E-field probe,14,fibonacci_snap_24,fibonacci_snap,24,nearest_full96_cell_aggregation
L1_short_dipole_x_1p2G,1200000000,48,48,level1_local_sphere_r0p35,-0.176958222919,0.301947835297,3.99635416667,-0.505594922625,0.86270810085,-0.0104166666667,-0.862754909569,-0.505622355137,0.0,-0.00526689953268,0.00898703030801,0.999945745056,0.0641408500108,Ez,-4.097988535966e-05,-9.766796701679e-06,C:\csttmp\huy_sf_safe_efield96_s\L1_short_dipole_x_1p2G_efield96.cst,1D Results\Probes\E-Field\E-Field (-0.176958 0.301948 3.99635)(Z) [1],CST ResultTree 1D complex local Cartesian E-field probe,14,fibonacci_snap_24,fibonacci_snap,24,nearest_full96_cell_aggregation
L1_short_dipole_x_1p2G,1200000000,70,70,level1_local_sphere_r0p35,-0.0240229506746,-0.308231072306,3.8359375,-0.0686370019275,-0.880660206587,-0.46875,0.996976591612,-0.0777024824425,0.0,-0.0364230386449,-0.467332777318,0.883330876569,0.0320704250054,Ex,0.006437769498833,0.003281895231309,C:\csttmp\huy_sf_safe_efield96_s\L1_short_dipole_x_1p2G_efield96.cst,1D Results\Probes\E-Field\E-Field (-0.024023 -0.308231 3.83594)(X) [1],CST ResultTree 1D complex local Cartesian E-field probe,15,fibonacci_snap_24,fibonacci_snap,24,nearest_full96_cell_aggregation
L1_short_dipole_x_1p2G,1200000000,70,70,level1_local_sphere_r0p35,-0.0240229506746,-0.308231072306,3.8359375,-0.0686370019275,-0.880660206587,-0.46875,0.996976591612,-0.0777024824425,0.0,-0.0364230386449,-0.467332777318,0.883330876569,0.0320704250054,Ey,-0.0004119485587304,-0.0001286601113757,C:\csttmp\huy_sf_safe_efield96_s\L1_short_dipole_x_1p2G_efield96.cst,1D Results\Probes\E-Field\E-Field (-0.024023 -0.308231 3.83594)(Y) [1],CST ResultTree 1D complex local Cartesian E-field probe,15,fibonacci_snap_24,fibonacci_snap,24,nearest_full96_cell_aggregation
L1_short_dipole_x_1p2G,1200000000,70,70,level1_local_sphere_r0p35,-0.0240229506746,-0.308231072306,3.8359375,-0.0686370019275,-0.880660206587,-0.46875,0.996976591612,-0.0777024824425,0.0,-0.0364230386449,-0.467332777318,0.883330876569,0.0320704250054,Ez,-0.0002155518390203,-7.061887405344e-05,C:\csttmp\huy_sf_safe_efield96_s\L1_short_dipole_x_1p2G_efield96.cst,1D Results\Probes\E-Field\E-Field (-0.024023 -0.308231 3.83594)(Z) [1],CST ResultTree 1D complex local Cartesian E-field probe,15,fibonacci_snap_24,fibonacci_snap,24,nearest_full96_cell_aggregation
L1_short_dipole_x_1p2G,1200000000,71,71,level1_local_sphere_r0p35,0.223011764394,0.208335072678,3.82864583333,0.637176469698,0.595243064794,-0.489583333333,-0.682652238097,0.730743403542,0.0,0.357759791318,0.334215158235,0.871956512518,0.0481056375081,Ex,0.003602614350035,0.002598697786554,C:\csttmp\huy_sf_safe_efield96_s\L1_short_dipole_x_1p2G_efield96.cst,1D Results\Probes\E-Field\E-Field (0.223012 0.208335 3.82865)(X) [1],CST ResultTree 1D complex local Cartesian E-field probe,16,fibonacci_snap_24,fibonacci_snap,24,nearest_full96_cell_aggregation
L1_short_dipole_x_1p2G,1200000000,71,71,level1_local_sphere_r0p35,0.223011764394,0.208335072678,3.82864583333,0.637176469698,0.595243064794,-0.489583333333,-0.682652238097,0.730743403542,0.0,0.357759791318,0.334215158235,0.871956512518,0.0481056375081,Ey,-0.002730500270357,-0.0008011761894887,C:\csttmp\huy_sf_safe_efield96_s\L1_short_dipole_x_1p2G_efield96.cst,1D Results\Probes\E-Field\E-Field (0.223012 0.208335 3.82865)(Y) [1],CST ResultTree 1D complex local Cartesian E-field probe,16,fibonacci_snap_24,fibonacci_snap,24,nearest_full96_cell_aggregation
L1_short_dipole_x_1p2G,1200000000,71,71,level1_local_sphere_r0p35,0.223011764394,0.208335072678,3.82864583333,0.637176469698,0.595243064794,-0.489583333333,-0.682652238097,0.730743403542,0.0,0.357759791318,0.334215158235,0.871956512518,0.0481056375081,Ez,0.00224357795436,0.0006909322461585,C:\csttmp\huy_sf_safe_efield96_s\L1_short_dipole_x_1p2G_efield96.cst,1D Results\Probes\E-Field\E-Field (0.223012 0.208335 3.82865)(Z) [1],CST ResultTree 1D complex local Cartesian E-field probe,16,fibonacci_snap_24,fibonacci_snap,24,nearest_full96_cell_aggregation
L1_short_dipole_x_1p2G,1200000000,72,72,level1_local_sphere_r0p35,-0.300960202612,-0.00293643938832,3.82135416667,-0.859886293178,-0.00838982682377,-0.510416666667,0.00975643823497,-0.999952404824,0.0,-0.510392373295,-0.00497984868243,0.859927221565,0.0481056375081,Ex,0.001079446337903,0.002091627798601,C:\csttmp\huy_sf_safe_efield96_s\L1_short_dipole_x_1p2G_efield96.cst,1D Results\Probes\E-Field\E-Field (-0.30096 -0.00293644 3.82135)(X) [1],CST ResultTree 1D complex local Cartesian E-field probe,17,fibonacci_snap_24,fibonacci_snap,24,nearest_full96_cell_aggregation
L1_short_dipole_x_1p2G,1200000000,72,72,level1_local_sphere_r0p35,-0.300960202612,-0.00293643938832,3.82135416667,-0.859886293178,-0.00838982682377,-0.510416666667,0.00975643823497,-0.999952404824,0.0,-0.510392373295,-0.00497984868243,0.859927221565,0.0481056375081,Ey,-7.190273895142e-05,-6.611964165531e-06,C:\csttmp\huy_sf_safe_efield96_s\L1_short_dipole_x_1p2G_efield96.cst,1D Results\Probes\E-Field\E-Field (-0.30096 -0.00293644 3.82135)(Y) [1],CST ResultTree 1D complex local Cartesian E-field probe,17,fibonacci_snap_24,fibonacci_snap,24,nearest_full96_cell_aggregation
L1_short_dipole_x_1p2G,1200000000,72,72,level1_local_sphere_r0p35,-0.300960202612,-0.00293643938832,3.82135416667,-0.859886293178,-0.00838982682377,-0.510416666667,0.00975643823497,-0.999952404824,0.0,-0.510392373295,-0.00497984868243,0.859927221565,0.0481056375081,Ez,-0.003083300899483,-0.0008852368696915,C:\csttmp\huy_sf_safe_efield96_s\L1_short_dipole_x_1p2G_efield96.cst,1D Results\Probes\E-Field\E-Field (-0.30096 -0.00293644 3.82135)(Z) [1],CST ResultTree 1D complex local Cartesian E-field probe,17,fibonacci_snap_24,fibonacci_snap,24,nearest_full96_cell_aggregation
L1_short_dipole_x_1p2G,1200000000,73,73,level1_local_sphere_r0p35,0.220592326036,-0.198157189594,3.8140625,0.630263788675,-0.566163398839,-0.53125,0.668264050267,0.743924162211,-0.0,0.395209711175,-0.355015276704,0.847215106983,0.0320704250054,Ex,0.003647196559485,0.002743319921652,C:\csttmp\huy_sf_safe_efield96_s\L1_short_dipole_x_1p2G_efield96.cst,1D Results\Probes\E-Field\E-Field (0.220592 -0.198157 3.81406)(X) [1],CST ResultTree 1D complex local Cartesian E-field probe,18,fibonacci_snap_24,fibonacci_snap,24,nearest_full96_cell_aggregation
L1_short_dipole_x_1p2G,1200000000,73,73,level1_local_sphere_r0p35,0.220592326036,-0.198157189594,3.8140625,0.630263788675,-0.566163398839,-0.53125,0.668264050267,0.743924162211,-0.0,0.395209711175,-0.355015276704,0.847215106983,0.0320704250054,Ey,0.002577790710122,0.0007491542036875,C:\csttmp\huy_sf_safe_efield96_s\L1_short_dipole_x_1p2G_efield96.cst,1D Results\Probes\E-Field\E-Field (0.220592 -0.198157 3.81406)(Y) [1],CST ResultTree 1D complex local Cartesian E-field probe,18,fibonacci_snap_24,fibonacci_snap,24,nearest_full96_cell_aggregation
L1_short_dipole_x_1p2G,1200000000,73,73,level1_local_sphere_r0p35,0.220592326036,-0.198157189594,3.8140625,0.630263788675,-0.566163398839,-0.53125,0.668264050267,0.743924162211,-0.0,0.395209711175,-0.355015276704,0.847215106983,0.0320704250054,Ez,0.002406416183843,0.0007375971766067,C:\csttmp\huy_sf_safe_efield96_s\L1_short_dipole_x_1p2G_efield96.cst,1D Results\Probes\E-Field\E-Field (0.220592 -0.198157 3.81406)(Z) [1],CST ResultTree 1D complex local Cartesian E-field probe,18,fibonacci_snap_24,fibonacci_snap,24,nearest_full96_cell_aggregation
L1_short_dipole_x_1p2G,1200000000,74,74,level1_local_sphere_r0p35,-0.0283481783019,0.290445984541,3.80677083333,-0.0809947951483,0.829845670119,-0.552083333333,-0.995270664245,-0.0971406449059,0.0,-0.0536297310418,0.549472345885,0.833788937955,0.0641408500108,Ex,0.0063108738885,0.003532821134464,C:\csttmp\huy_sf_safe_efield96_s\L1_short_dipole_x_1p2G_efield96.cst,1D Results\Probes\E-Field\E-Field (-0.0283482 0.290446 3.80677)(X) [1],CST ResultTree 1D complex local Cartesian E-field probe,19,fibonacci_snap_24,fibonacci_snap,24,nearest_full96_cell_aggregation
L1_short_dipole_x_1p2G,1200000000,74,74,level1_local_sphere_r0p35,-0.0283481783019,0.290445984541,3.80677083333,-0.0809947951483,0.829845670119,-0.552083333333,-0.995270664245,-0.0971406449059,0.0,-0.0536297310418,0.549472345885,0.833788937955,0.0641408500108,Ey,0.0004609876262017,0.0001369748435695,C:\csttmp\huy_sf_safe_efield96_s\L1_short_dipole_x_1p2G_efield96.cst,1D Results\Probes\E-Field\E-Field (-0.0283482 0.290446 3.80677)(Y) [1],CST ResultTree 1D complex local Cartesian E-field probe,19,fibonacci_snap_24,fibonacci_snap,24,nearest_full96_cell_aggregation
L1_short_dipole_x_1p2G,1200000000,74,74,level1_local_sphere_r0p35,-0.0283481783019,0.290445984541,3.80677083333,-0.0809947951483,0.829845670119,-0.552083333333,-0.995270664245,-0.0971406449059,0.0,-0.0536297310418,0.549472345885,0.833788937955,0.0641408500108,Ez,-0.0002922347871086,-9.542809927472e-05,C:\csttmp\huy_sf_safe_efield96_s\L1_short_dipole_x_1p2G_efield96.cst,1D Results\Probes\E-Field\E-Field (-0.0283482 0.290446 3.80677)(Z) [1],CST ResultTree 1D complex local Cartesian E-field probe,19,fibonacci_snap_24,fibonacci_snap,24,nearest_full96_cell_aggregation
L1_short_dipole_x_1p2G,1200000000,75,75,level1_local_sphere_r0p35,-0.17231025311,-0.229348145998,3.79947916667,-0.492315008884,-0.655280417137,-0.572916666667,0.799499175891,-0.600667185511,0.0,-0.344132241699,-0.458046402854,0.81961362425,0.0801760625135,Ex,0.00461389123115,0.003214160206009,C:\csttmp\huy_sf_safe_efield96_s\L1_short_dipole_x_1p2G_efield96.cst,1D Results\Probes\E-Field\E-Field (-0.17231 -0.229348 3.79948)(X) [1],CST ResultTree 1D complex local Cartesian E-field probe,20,fibonacci_snap_24,fibonacci_snap,24,nearest_full96_cell_aggregation
L1_short_dipole_x_1p2G,1200000000,75,75,level1_local_sphere_r0p35,-0.17231025311,-0.229348145998,3.79947916667,-0.492315008884,-0.655280417137,-0.572916666667,0.799499175891,-0.600667185511,0.0,-0.344132241699,-0.458046402854,0.81961362425,0.0801760625135,Ey,-0.002385724352675,-0.0006362281056283,C:\csttmp\huy_sf_safe_efield96_s\L1_short_dipole_x_1p2G_efield96.cst,1D Results\Probes\E-Field\E-Field (-0.17231 -0.229348 3.79948)(Y) [1],CST ResultTree 1D complex local Cartesian E-field probe,20,fibonacci_snap_24,fibonacci_snap,24,nearest_full96_cell_aggregation
L1_short_dipole_x_1p2G,1200000000,75,75,level1_local_sphere_r0p35,-0.17231025311,-0.229348145998,3.79947916667,-0.492315008884,-0.655280417137,-0.572916666667,0.799499175891,-0.600667185511,0.0,-0.344132241699,-0.458046402854,0.81961362425,0.0801760625135,Ez,-0.002034009099684,-0.000580430507152,C:\csttmp\huy_sf_safe_efield96_s\L1_short_dipole_x_1p2G_efield96.cst,1D Results\Probes\E-Field\E-Field (-0.17231 -0.229348 3.79948)(Z) [1],CST ResultTree 1D complex local Cartesian E-field probe,20,fibonacci_snap_24,fibonacci_snap,24,nearest_full96_cell_aggregation
L1_short_dipole_x_1p2G,1200000000,89,89,level1_local_sphere_r0p35,0.175783660057,-0.00555186211405,3.69739583333,0.502239028734,-0.015862463183,-0.864583333333,0.0315677529045,0.999501614294,-0.0,0.864152437358,-0.027292953032,0.5024894623,0.0962112750162,Ex,0.004539989196679,0.003158832741929,C:\csttmp\huy_sf_safe_efield96_s\L1_short_dipole_x_1p2G_efield96.cst,1D Results\Probes\E-Field\E-Field (0.175784 -0.00555186 3.6974)(X) [1],CST ResultTree 1D complex local Cartesian E-field probe,21,fibonacci_snap_24,fibonacci_snap,24,nearest_full96_cell_aggregation
L1_short_dipole_x_1p2G,1200000000,89,89,level1_local_sphere_r0p35,0.175783660057,-0.00555186211405,3.69739583333,0.502239028734,-0.015862463183,-0.864583333333,0.0315677529045,0.999501614294,-0.0,0.864152437358,-0.027292953032,0.5024894623,0.0962112750162,Ey,7.391158106692e-05,1.216735076931e-05,C:\csttmp\huy_sf_safe_efield96_s\L1_short_dipole_x_1p2G_efield96.cst,1D Results\Probes\E-Field\E-Field (0.175784 -0.00555186 3.6974)(Y) [1],CST ResultTree 1D complex local Cartesian E-field probe,21,fibonacci_snap_24,fibonacci_snap,24,nearest_full96_cell_aggregation
L1_short_dipole_x_1p2G,1200000000,89,89,level1_local_sphere_r0p35,0.175783660057,-0.00555186211405,3.69739583333,0.502239028734,-0.015862463183,-0.864583333333,0.0315677529045,0.999501614294,-0.0,0.864152437358,-0.027292953032,0.5024894623,0.0962112750162,Ez,0.003215883837686,0.0009483754126052,C:\csttmp\huy_sf_safe_efield96_s\L1_short_dipole_x_1p2G_efield96.cst,1D Results\Probes\E-Field\E-Field (0.175784 -0.00555186 3.6974)(Z) [1],CST ResultTree 1D complex local Cartesian E-field probe,21,fibonacci_snap_24,fibonacci_snap,24,nearest_full96_cell_aggregation
L1_short_dipole_x_1p2G,1200000000,90,90,level1_local_sphere_r0p35,-0.116425982142,0.113620258602,3.69010416667,-0.332645663264,0.324629310292,-0.885416666667,-0.698430718097,-0.715677673271,0.0,-0.633672939875,0.618402198315,0.464798156611,0.0801760625135,Ex,0.005542595752057,0.00316260726628,C:\csttmp\huy_sf_safe_efield96_s\L1_short_dipole_x_1p2G_efield96.cst,1D Results\Probes\E-Field\E-Field (-0.116426 0.11362 3.6901)(X) [1],CST ResultTree 1D complex local Cartesian E-field probe,22,fibonacci_snap_24,fibonacci_snap,24,nearest_full96_cell_aggregation
L1_short_dipole_x_1p2G,1200000000,90,90,level1_local_sphere_r0p35,-0.116425982142,0.113620258602,3.69010416667,-0.332645663264,0.324629310292,-0.885416666667,-0.698430718097,-0.715677673271,0.0,-0.633672939875,0.618402198315,0.464798156611,0.0801760625135,Ey,0.0007978787381803,0.0002198811030255,C:\csttmp\huy_sf_safe_efield96_s\L1_short_dipole_x_1p2G_efield96.cst,1D Results\Probes\E-Field\E-Field (-0.116426 0.11362 3.6901)(Y) [1],CST ResultTree 1D complex local Cartesian E-field probe,22,fibonacci_snap_24,fibonacci_snap,24,nearest_full96_cell_aggregation
L1_short_dipole_x_1p2G,1200000000,90,90,level1_local_sphere_r0p35,-0.116425982142,0.113620258602,3.69010416667,-0.332645663264,0.324629310292,-0.885416666667,-0.698430718097,-0.715677673271,0.0,-0.633672939875,0.618402198315,0.464798156611,0.0801760625135,Ez,-0.002102544130221,-0.0005943652691748,C:\csttmp\huy_sf_safe_efield96_s\L1_short_dipole_x_1p2G_efield96.cst,1D Results\Probes\E-Field\E-Field (-0.116426 0.11362 3.6901)(Z) [1],CST ResultTree 1D complex local Cartesian E-field probe,22,fibonacci_snap_24,fibonacci_snap,24,nearest_full96_cell_aggregation
L1_short_dipole_x_1p2G,1200000000,91,91,level1_local_sphere_r0p35,0.00827616923972,-0.147728111294,3.6828125,0.0236461978278,-0.422080317983,-0.90625,0.0,0.906503467822,-0.422198369049,0.999720389573,0.00998338615709,0.0214353603317,0.0320704250054,Ex,0.006486986791601,0.003252612970675,C:\csttmp\huy_sf_safe_efield96_s\L1_short_dipole_x_1p2G_efield96.cst,1D Results\Probes\E-Field\E-Field (0.00827617 -0.147728 3.68281)(X) [1],CST ResultTree 1D complex local Cartesian E-field probe,23,fibonacci_snap_24,fibonacci_snap,24,nearest_full96_cell_aggregation
L1_short_dipole_x_1p2G,1200000000,91,91,level1_local_sphere_r0p35,0.00827616923972,-0.147728111294,3.6828125,0.0236461978278,-0.422080317983,-0.90625,0.0,0.906503467822,-0.422198369049,0.999720389573,0.00998338615709,0.0214353603317,0.0320704250054,Ey,6.3797255281e-05,2.416756424695e-05,C:\csttmp\huy_sf_safe_efield96_s\L1_short_dipole_x_1p2G_efield96.cst,1D Results\Probes\E-Field\E-Field (0.00827617 -0.147728 3.68281)(Y) [1],CST ResultTree 1D complex local Cartesian E-field probe,23,fibonacci_snap_24,fibonacci_snap,24,nearest_full96_cell_aggregation
