sample_id,frequency_hz,sensor_id,node_id,prior_id,x_m,y_m,z_m,normal_x,normal_y,normal_z,tangent1_x,tangent1_y,tangent1_z,tangent2_x,tangent2_y,tangent2_z,weight_m2,polarization,h_real,h_imag,cst_project,cst_probe_item,extraction_method,selection_order,layout_candidate,layout_method,layout_sensor_count,weighting_model
L1_short_dipole_x_1p2G,1200000000,0,0,level1_local_sphere_r0p35,0.050386419129,0.0,4.34635416667,0.143961197511,0.0,0.989583333333,0.0,-1.0,0.0,0.989583333333,0.0,-0.143961197511,0.0641408500108,Hx,5.39506762849e-13,1.8276006824550002e-11,C:\csttmp\huy_sf_safe_hfield96_s\L1_short_dipole_x_1p2G_hfield96.cst,1D Results\Probes\H-Field\H-Field (0.0503864 0 4.34635)(X) [1],CST ResultTree 1D complex local Cartesian H-field probe,0,fibonacci_snap_32,fibonacci_snap,32,nearest_full96_cell_aggregation
L1_short_dipole_x_1p2G,1200000000,0,0,level1_local_sphere_r0p35,0.050386419129,0.0,4.34635416667,0.143961197511,0.0,0.989583333333,0.0,-1.0,0.0,0.989583333333,0.0,-0.143961197511,0.0641408500108,Hy,1.625745067336e-05,1.128090851063e-05,C:\csttmp\huy_sf_safe_hfield96_s\L1_short_dipole_x_1p2G_hfield96.cst,1D Results\Probes\H-Field\H-Field (0.0503864 0 4.34635)(Y) [1],CST ResultTree 1D complex local Cartesian H-field probe,0,fibonacci_snap_32,fibonacci_snap,32,nearest_full96_cell_aggregation
L1_short_dipole_x_1p2G,1200000000,0,0,level1_local_sphere_r0p35,0.050386419129,0.0,4.34635416667,0.143961197511,0.0,0.989583333333,0.0,-1.0,0.0,0.989583333333,0.0,-0.143961197511,0.0641408500108,Hz,3.048544512796e-07,-8.794245824097e-08,C:\csttmp\huy_sf_safe_hfield96_s\L1_short_dipole_x_1p2G_hfield96.cst,1D Results\Probes\H-Field\H-Field (0.0503864 0 4.34635)(Z) [1],CST ResultTree 1D complex local Cartesian H-field probe,0,fibonacci_snap_32,fibonacci_snap,32,nearest_full96_cell_aggregation
L1_short_dipole_x_1p2G,1200000000,1,1,level1_local_sphere_r0p35,-0.0640137315534,0.0586418218199,4.3390625,-0.182896375867,0.167548062343,0.96875,0.0,-0.985371045215,0.170422719292,0.983132196449,0.0311696977239,0.180220793054,0.0481056375081,Hx,1.2067940678580002e-11,-1.4375915675020001e-11,C:\csttmp\huy_sf_safe_hfield96_s\L1_short_dipole_x_1p2G_hfield96.cst,1D Results\Probes\H-Field\H-Field (-0.0640137 0.0586418 4.33906)(X) [1],CST ResultTree 1D complex local Cartesian H-field probe,1,fibonacci_snap_32,fibonacci_snap,32,nearest_full96_cell_aggregation
L1_short_dipole_x_1p2G,1200000000,1,1,level1_local_sphere_r0p35,-0.0640137315534,0.0586418218199,4.3390625,-0.182896375867,0.167548062343,0.96875,0.0,-0.985371045215,0.170422719292,0.983132196449,0.0311696977239,0.180220793054,0.0481056375081,Hy,1.660332064488e-05,9.490470541593e-06,C:\csttmp\huy_sf_safe_hfield96_s\L1_short_dipole_x_1p2G_hfield96.cst,1D Results\Probes\H-Field\H-Field (-0.0640137 0.0586418 4.33906)(Y) [1],CST ResultTree 1D complex local Cartesian H-field probe,1,fibonacci_snap_32,fibonacci_snap,32,nearest_full96_cell_aggregation
L1_short_dipole_x_1p2G,1200000000,1,1,level1_local_sphere_r0p35,-0.0640137315534,0.0586418218199,4.3390625,-0.182896375867,0.167548062343,0.96875,0.0,-0.985371045215,0.170422719292,0.983132196449,0.0311696977239,0.180220793054,0.0481056375081,Hz,-3.308602912119e-06,-1.49694823435e-06,C:\csttmp\huy_sf_safe_hfield96_s\L1_short_dipole_x_1p2G_hfield96.cst,1D Results\Probes\H-Field\H-Field (-0.0640137 0.0586418 4.33906)(Z) [1],CST ResultTree 1D complex local Cartesian H-field probe,1,fibonacci_snap_32,fibonacci_snap,32,nearest_full96_cell_aggregation
L1_short_dipole_x_1p2G,1200000000,10,10,level1_local_sphere_r0p35,0.0926003435022,-0.197881555424,4.2734375,0.264572410006,-0.56537587264,0.78125,0.905734272556,0.423845995048,-0.0,-0.331129683631,0.707604900434,0.624218261107,0.0481056375081,Hx,-2.471133983709e-13,2.4199798078290003e-11,C:\csttmp\huy_sf_safe_hfield96_s\L1_short_dipole_x_1p2G_hfield96.cst,1D Results\Probes\H-Field\H-Field (0.0926003 -0.197882 4.27344)(X) [1],CST ResultTree 1D complex local Cartesian H-field probe,2,fibonacci_snap_32,fibonacci_snap,32,nearest_full96_cell_aggregation
L1_short_dipole_x_1p2G,1200000000,10,10,level1_local_sphere_r0p35,0.0926003435022,-0.197881555424,4.2734375,0.264572410006,-0.56537587264,0.78125,0.905734272556,0.423845995048,-0.0,-0.331129683631,0.707604900434,0.624218261107,0.0481056375081,Hy,1.381649571302e-05,7.545993280424e-06,C:\csttmp\huy_sf_safe_hfield96_s\L1_short_dipole_x_1p2G_hfield96.cst,1D Results\Probes\H-Field\H-Field (0.0926003 -0.197882 4.27344)(Y) [1],CST ResultTree 1D complex local Cartesian H-field probe,2,fibonacci_snap_32,fibonacci_snap,32,nearest_full96_cell_aggregation
L1_short_dipole_x_1p2G,1200000000,10,10,level1_local_sphere_r0p35,0.0926003435022,-0.197881555424,4.2734375,0.264572410006,-0.56537587264,0.78125,0.905734272556,0.423845995048,-0.0,-0.331129683631,0.707604900434,0.624218261107,0.0481056375081,Hz,9.293779655606e-06,5.297382278301e-06,C:\csttmp\huy_sf_safe_hfield96_s\L1_short_dipole_x_1p2G_hfield96.cst,1D Results\Probes\H-Field\H-Field (0.0926003 -0.197882 4.27344)(Z) [1],CST ResultTree 1D complex local Cartesian H-field probe,2,fibonacci_snap_32,fibonacci_snap,32,nearest_full96_cell_aggregation
L1_short_dipole_x_1p2G,1200000000,11,11,level1_local_sphere_r0p35,0.0680279501191,0.216883824666,4.26614583333,0.194365571769,0.619668070475,0.760416666667,-0.954164120308,0.299283864445,0.0,-0.227580438588,-0.725562299817,0.649435518782,0.0160352125027,Hx,4.2558325226729994e-13,1.7927348658080003e-11,C:\csttmp\huy_sf_safe_hfield96_s\L1_short_dipole_x_1p2G_hfield96.cst,1D Results\Probes\H-Field\H-Field (0.068028 0.216884 4.26615)(X) [1],CST ResultTree 1D complex local Cartesian H-field probe,3,fibonacci_snap_32,fibonacci_snap,32,nearest_full96_cell_aggregation
L1_short_dipole_x_1p2G,1200000000,11,11,level1_local_sphere_r0p35,0.0680279501191,0.216883824666,4.26614583333,0.194365571769,0.619668070475,0.760416666667,-0.954164120308,0.299283864445,0.0,-0.227580438588,-0.725562299817,0.649435518782,0.0160352125027,Hy,1.343182838025e-05,7.204714884429e-06,C:\csttmp\huy_sf_safe_hfield96_s\L1_short_dipole_x_1p2G_hfield96.cst,1D Results\Probes\H-Field\H-Field (0.068028 0.216884 4.26615)(Y) [1],CST ResultTree 1D complex local Cartesian H-field probe,3,fibonacci_snap_32,fibonacci_snap,32,nearest_full96_cell_aggregation
L1_short_dipole_x_1p2G,1200000000,11,11,level1_local_sphere_r0p35,0.0680279501191,0.216883824666,4.26614583333,0.194365571769,0.619668070475,0.760416666667,-0.954164120308,0.299283864445,0.0,-0.227580438588,-0.725562299817,0.649435518782,0.0160352125027,Hz,-1.024611656778e-05,-5.78727189979e-06,C:\csttmp\huy_sf_safe_hfield96_s\L1_short_dipole_x_1p2G_hfield96.cst,1D Results\Probes\H-Field\H-Field (0.068028 0.216884 4.26615)(Z) [1],CST ResultTree 1D complex local Cartesian H-field probe,3,fibonacci_snap_32,fibonacci_snap,32,nearest_full96_cell_aggregation
L1_short_dipole_x_1p2G,1200000000,17,17,level1_local_sphere_r0p35,-0.270028520695,0.0111665270975,4.22239583333,-0.771510059128,0.0319043631356,0.635416666667,-0.0413178261974,-0.999146054007,0.0,0.63487405515,-0.0262540353962,0.772169450135,0.0641408500108,Hx,1.8657459563430003e-11,-4.9957486987700003e-11,C:\csttmp\huy_sf_safe_hfield96_s\L1_short_dipole_x_1p2G_hfield96.cst,1D Results\Probes\H-Field\H-Field (-0.270029 0.0111665 4.2224)(X) [1],CST ResultTree 1D complex local Cartesian H-field probe,4,fibonacci_snap_32,fibonacci_snap,32,nearest_full96_cell_aggregation
L1_short_dipole_x_1p2G,1200000000,17,17,level1_local_sphere_r0p35,-0.270028520695,0.0111665270975,4.22239583333,-0.771510059128,0.0319043631356,0.635416666667,-0.0413178261974,-0.999146054007,0.0,0.63487405515,-0.0262540353962,0.772169450135,0.0641408500108,Hy,1.07623146656e-05,5.882896295498e-06,C:\csttmp\huy_sf_safe_hfield96_s\L1_short_dipole_x_1p2G_hfield96.cst,1D Results\Probes\H-Field\H-Field (-0.270029 0.0111665 4.2224)(Y) [1],CST ResultTree 1D complex local Cartesian H-field probe,4,fibonacci_snap_32,fibonacci_snap,32,nearest_full96_cell_aggregation
L1_short_dipole_x_1p2G,1200000000,17,17,level1_local_sphere_r0p35,-0.270028520695,0.0111665270975,4.22239583333,-0.771510059128,0.0319043631356,0.635416666667,-0.0413178261974,-0.999146054007,0.0,0.63487405515,-0.0262540353962,0.772169450135,0.0641408500108,Hz,-5.210821378026e-07,-3.21491725574e-07,C:\csttmp\huy_sf_safe_hfield96_s\L1_short_dipole_x_1p2G_hfield96.cst,1D Results\Probes\H-Field\H-Field (-0.270029 0.0111665 4.2224)(Z) [1],CST ResultTree 1D complex local Cartesian H-field probe,4,fibonacci_snap_32,fibonacci_snap,32,nearest_full96_cell_aggregation
L1_short_dipole_x_1p2G,1200000000,18,18,level1_local_sphere_r0p35,0.195706501571,-0.194754108366,4.21510416667,0.55916143306,-0.556440309618,0.614583333333,0.705379941179,0.708829414303,-0.0,-0.435634744207,0.433514755517,0.788851903965,0.0481056375081,Hx,-5.733370719723e-12,3.961211845696e-11,C:\csttmp\huy_sf_safe_hfield96_s\L1_short_dipole_x_1p2G_hfield96.cst,1D Results\Probes\H-Field\H-Field (0.195707 -0.194754 4.2151)(X) [1],CST ResultTree 1D complex local Cartesian H-field probe,5,fibonacci_snap_32,fibonacci_snap,32,nearest_full96_cell_aggregation
L1_short_dipole_x_1p2G,1200000000,18,18,level1_local_sphere_r0p35,0.195706501571,-0.194754108366,4.21510416667,0.55916143306,-0.556440309618,0.614583333333,0.705379941179,0.708829414303,-0.0,-0.435634744207,0.433514755517,0.788851903965,0.0481056375081,Hy,1.022900789102e-05,5.719280057937e-06,C:\csttmp\huy_sf_safe_hfield96_s\L1_short_dipole_x_1p2G_hfield96.cst,1D Results\Probes\H-Field\H-Field (0.195707 -0.194754 4.2151)(Y) [1],CST ResultTree 1D complex local Cartesian H-field probe,5,fibonacci_snap_32,fibonacci_snap,32,nearest_full96_cell_aggregation
L1_short_dipole_x_1p2G,1200000000,18,18,level1_local_sphere_r0p35,0.195706501571,-0.194754108366,4.21510416667,0.55916143306,-0.556440309618,0.614583333333,0.705379941179,0.708829414303,-0.0,-0.435634744207,0.433514755517,0.788851903965,0.0481056375081,Hz,9.156867720032e-06,5.15964278444e-06,C:\csttmp\huy_sf_safe_hfield96_s\L1_short_dipole_x_1p2G_hfield96.cst,1D Results\Probes\H-Field\H-Field (0.195707 -0.194754 4.2151)(Z) [1],CST ResultTree 1D complex local Cartesian H-field probe,5,fibonacci_snap_32,fibonacci_snap,32,nearest_full96_cell_aggregation
L1_short_dipole_x_1p2G,1200000000,19,19,level1_local_sphere_r0p35,-0.0130087745601,0.281326743535,4.2078125,-0.0371679273145,0.803790695815,0.59375,-0.998932605495,-0.0461914459404,0.0,0.0274261710271,-0.593116234513,0.804649574349,0.0481056375081,Hx,4.4675196089e-12,-1.131206794872e-14,C:\csttmp\huy_sf_safe_hfield96_s\L1_short_dipole_x_1p2G_hfield96.cst,1D Results\Probes\H-Field\H-Field (-0.0130088 0.281327 4.20781)(X) [1],CST ResultTree 1D complex local Cartesian H-field probe,6,fibonacci_snap_32,fibonacci_snap,32,nearest_full96_cell_aggregation
L1_short_dipole_x_1p2G,1200000000,19,19,level1_local_sphere_r0p35,-0.0130087745601,0.281326743535,4.2078125,-0.0371679273145,0.803790695815,0.59375,-0.998932605495,-0.0461914459404,0.0,0.0274261710271,-0.593116234513,0.804649574349,0.0481056375081,Hy,9.734338093997e-06,5.452524101661e-06,C:\csttmp\huy_sf_safe_hfield96_s\L1_short_dipole_x_1p2G_hfield96.cst,1D Results\Probes\H-Field\H-Field (-0.0130088 0.281327 4.20781)(Y) [1],CST ResultTree 1D complex local Cartesian H-field probe,6,fibonacci_snap_32,fibonacci_snap,32,nearest_full96_cell_aggregation
L1_short_dipole_x_1p2G,1200000000,19,19,level1_local_sphere_r0p35,-0.0130087745601,0.281326743535,4.2078125,-0.0371679273145,0.803790695815,0.59375,-0.998932605495,-0.0461914459404,0.0,0.0274261710271,-0.593116234513,0.804649574349,0.0481056375081,Hz,-1.419787956264e-05,-7.566748906866e-06,C:\csttmp\huy_sf_safe_hfield96_s\L1_short_dipole_x_1p2G_hfield96.cst,1D Results\Probes\H-Field\H-Field (-0.0130088 0.281327 4.20781)(Z) [1],CST ResultTree 1D complex local Cartesian H-field probe,6,fibonacci_snap_32,fibonacci_snap,32,nearest_full96_cell_aggregation
L1_short_dipole_x_1p2G,1200000000,28,28,level1_local_sphere_r0p35,-0.108242687555,-0.300942246012,4.1421875,-0.309264821585,-0.859834988605,0.40625,0.940983556986,-0.338452279475,0.0,0.137496238537,0.382274570026,0.913761969826,0.0481056375081,Hx,6.237158815035e-12,-1.18761606545e-11,C:\csttmp\huy_sf_safe_hfield96_s\L1_short_dipole_x_1p2G_hfield96.cst,1D Results\Probes\H-Field\H-Field (-0.108243 -0.300942 4.14219)(X) [1],CST ResultTree 1D complex local Cartesian H-field probe,7,fibonacci_snap_32,fibonacci_snap,32,nearest_full96_cell_aggregation
L1_short_dipole_x_1p2G,1200000000,28,28,level1_local_sphere_r0p35,-0.108242687555,-0.300942246012,4.1421875,-0.309264821585,-0.859834988605,0.40625,0.940983556986,-0.338452279475,0.0,0.137496238537,0.382274570026,0.913761969826,0.0481056375081,Hy,6.964848886189e-06,3.931464082244e-06,C:\csttmp\huy_sf_safe_hfield96_s\L1_short_dipole_x_1p2G_hfield96.cst,1D Results\Probes\H-Field\H-Field (-0.108243 -0.300942 4.14219)(Y) [1],CST ResultTree 1D complex local Cartesian H-field probe,7,fibonacci_snap_32,fibonacci_snap,32,nearest_full96_cell_aggregation
L1_short_dipole_x_1p2G,1200000000,28,28,level1_local_sphere_r0p35,-0.108242687555,-0.300942246012,4.1421875,-0.309264821585,-0.859834988605,0.40625,0.940983556986,-0.338452279475,0.0,0.137496238537,0.382274570026,0.913761969826,0.0481056375081,Hz,1.505042731072e-05,8.553665619863e-06,C:\csttmp\huy_sf_safe_hfield96_s\L1_short_dipole_x_1p2G_hfield96.cst,1D Results\Probes\H-Field\H-Field (-0.108243 -0.300942 4.14219)(Z) [1],CST ResultTree 1D complex local Cartesian H-field probe,7,fibonacci_snap_32,fibonacci_snap,32,nearest_full96_cell_aggregation
L1_short_dipole_x_1p2G,1200000000,29,29,level1_local_sphere_r0p35,0.285880715676,0.150250892024,4.13489583333,0.816802044788,0.429288262926,0.385416666667,-0.465230759849,0.885189437403,0.0,-0.341166762332,-0.179307688692,0.922742647251,0.0481056375081,Hx,-8.102701732083e-12,3.5313436769980005e-11,C:\csttmp\huy_sf_safe_hfield96_s\L1_short_dipole_x_1p2G_hfield96.cst,1D Results\Probes\H-Field\H-Field (0.285881 0.150251 4.1349)(X) [1],CST ResultTree 1D complex local Cartesian H-field probe,8,fibonacci_snap_32,fibonacci_snap,32,nearest_full96_cell_aggregation
L1_short_dipole_x_1p2G,1200000000,29,29,level1_local_sphere_r0p35,0.285880715676,0.150250892024,4.13489583333,0.816802044788,0.429288262926,0.385416666667,-0.465230759849,0.885189437403,0.0,-0.341166762332,-0.179307688692,0.922742647251,0.0481056375081,Hy,6.72428918189e-06,3.741517696669e-06,C:\csttmp\huy_sf_safe_hfield96_s\L1_short_dipole_x_1p2G_hfield96.cst,1D Results\Probes\H-Field\H-Field (0.285881 0.150251 4.1349)(Y) [1],CST ResultTree 1D complex local Cartesian H-field probe,8,fibonacci_snap_32,fibonacci_snap,32,nearest_full96_cell_aggregation
L1_short_dipole_x_1p2G,1200000000,29,29,level1_local_sphere_r0p35,0.285880715676,0.150250892024,4.13489583333,0.816802044788,0.429288262926,0.385416666667,-0.465230759849,0.885189437403,0.0,-0.341166762332,-0.179307688692,0.922742647251,0.0481056375081,Hz,-7.458522363576e-06,-4.148921780009e-06,C:\csttmp\huy_sf_safe_hfield96_s\L1_short_dipole_x_1p2G_hfield96.cst,1D Results\Probes\H-Field\H-Field (0.285881 0.150251 4.1349)(Z) [1],CST ResultTree 1D complex local Cartesian H-field probe,8,fibonacci_snap_32,fibonacci_snap,32,nearest_full96_cell_aggregation
L1_short_dipole_x_1p2G,1200000000,30,30,level1_local_sphere_r0p35,-0.315144969724,0.0830712026353,4.12760416667,-0.90041419921,0.237346293244,0.364583333333,-0.254890190111,-0.966970005215,0.0,0.352541147735,-0.0929287151447,0.931170764713,0.0481056375081,Hx,1.2585082603990001e-11,-3.4562027435450003e-11,C:\csttmp\huy_sf_safe_hfield96_s\L1_short_dipole_x_1p2G_hfield96.cst,1D Results\Probes\H-Field\H-Field (-0.315145 0.0830712 4.1276)(X) [1],CST ResultTree 1D complex local Cartesian H-field probe,9,fibonacci_snap_32,fibonacci_snap,32,nearest_full96_cell_aggregation
L1_short_dipole_x_1p2G,1200000000,30,30,level1_local_sphere_r0p35,-0.315144969724,0.0830712026353,4.12760416667,-0.90041419921,0.237346293244,0.364583333333,-0.254890190111,-0.966970005215,0.0,0.352541147735,-0.0929287151447,0.931170764713,0.0481056375081,Hy,6.314565352161e-06,3.626430125653e-06,C:\csttmp\huy_sf_safe_hfield96_s\L1_short_dipole_x_1p2G_hfield96.cst,1D Results\Probes\H-Field\H-Field (-0.315145 0.0830712 4.1276)(Y) [1],CST ResultTree 1D complex local Cartesian H-field probe,9,fibonacci_snap_32,fibonacci_snap,32,nearest_full96_cell_aggregation
L1_short_dipole_x_1p2G,1200000000,30,30,level1_local_sphere_r0p35,-0.315144969724,0.0830712026353,4.12760416667,-0.90041419921,0.237346293244,0.364583333333,-0.254890190111,-0.966970005215,0.0,0.352541147735,-0.0929287151447,0.931170764713,0.0481056375081,Hz,-4.453442600867e-06,-2.334774804702e-06,C:\csttmp\huy_sf_safe_hfield96_s\L1_short_dipole_x_1p2G_hfield96.cst,1D Results\Probes\H-Field\H-Field (-0.315145 0.0830712 4.1276)(Z) [1],CST ResultTree 1D complex local Cartesian H-field probe,9,fibonacci_snap_32,fibonacci_snap,32,nearest_full96_cell_aggregation
L1_short_dipole_x_1p2G,1200000000,31,31,level1_local_sphere_r0p35,0.177757907471,-0.276454388056,4.1203125,0.507879735632,-0.789869680159,0.34375,0.84112694688,0.540837738358,-0.0,-0.185912972561,0.28913738799,0.939061200082,0.0481056375081,Hx,-2.913825393646e-12,2.090947457989e-11,C:\csttmp\huy_sf_safe_hfield96_s\L1_short_dipole_x_1p2G_hfield96.cst,1D Results\Probes\H-Field\H-Field (0.177758 -0.276454 4.12031)(X) [1],CST ResultTree 1D complex local Cartesian H-field probe,10,fibonacci_snap_32,fibonacci_snap,32,nearest_full96_cell_aggregation
L1_short_dipole_x_1p2G,1200000000,31,31,level1_local_sphere_r0p35,0.177757907471,-0.276454388056,4.1203125,0.507879735632,-0.789869680159,0.34375,0.84112694688,0.540837738358,-0.0,-0.185912972561,0.28913738799,0.939061200082,0.0481056375081,Hy,5.977639664716e-06,3.25542574414e-06,C:\csttmp\huy_sf_safe_hfield96_s\L1_short_dipole_x_1p2G_hfield96.cst,1D Results\Probes\H-Field\H-Field (0.177758 -0.276454 4.12031)(Y) [1],CST ResultTree 1D complex local Cartesian H-field probe,10,fibonacci_snap_32,fibonacci_snap,32,nearest_full96_cell_aggregation
L1_short_dipole_x_1p2G,1200000000,31,31,level1_local_sphere_r0p35,0.177757907471,-0.276454388056,4.1203125,0.507879735632,-0.789869680159,0.34375,0.84112694688,0.540837738358,-0.0,-0.185912972561,0.28913738799,0.939061200082,0.0481056375081,Hz,1.374246124398e-05,7.632627696123e-06,C:\csttmp\huy_sf_safe_hfield96_s\L1_short_dipole_x_1p2G_hfield96.cst,1D Results\Probes\H-Field\H-Field (0.177758 -0.276454 4.12031)(Z) [1],CST ResultTree 1D complex local Cartesian H-field probe,10,fibonacci_snap_32,fibonacci_snap,32,nearest_full96_cell_aggregation
L1_short_dipole_x_1p2G,1200000000,32,32,level1_local_sphere_r0p35,0.0561057877891,0.326463522938,4.11302083333,0.160302250826,0.932752922681,0.322916666667,-0.985551476174,0.169376172504,0.0,-0.0546943890377,-0.318250997514,0.946427401542,0.0481056375081,Hx,-2.1829331091359998e-13,6.8525898559650004e-12,C:\csttmp\huy_sf_safe_hfield96_s\L1_short_dipole_x_1p2G_hfield96.cst,1D Results\Probes\H-Field\H-Field (0.0561058 0.326464 4.11302)(X) [1],CST ResultTree 1D complex local Cartesian H-field probe,11,fibonacci_snap_32,fibonacci_snap,32,nearest_full96_cell_aggregation
L1_short_dipole_x_1p2G,1200000000,32,32,level1_local_sphere_r0p35,0.0561057877891,0.326463522938,4.11302083333,0.160302250826,0.932752922681,0.322916666667,-0.985551476174,0.169376172504,0.0,-0.0546943890377,-0.318250997514,0.946427401542,0.0481056375081,Hy,5.81096447954e-06,3.020596107804e-06,C:\csttmp\huy_sf_safe_hfield96_s\L1_short_dipole_x_1p2G_hfield96.cst,1D Results\Probes\H-Field\H-Field (0.0561058 0.326464 4.11302)(Y) [1],CST ResultTree 1D complex local Cartesian H-field probe,11,fibonacci_snap_32,fibonacci_snap,32,nearest_full96_cell_aggregation
L1_short_dipole_x_1p2G,1200000000,32,32,level1_local_sphere_r0p35,0.0561057877891,0.326463522938,4.11302083333,0.160302250826,0.932752922681,0.322916666667,-0.985551476174,0.169376172504,0.0,-0.0546943890377,-0.318250997514,0.946427401542,0.0481056375081,Hz,-1.61804861451e-05,-9.049051543589e-06,C:\csttmp\huy_sf_safe_hfield96_s\L1_short_dipole_x_1p2G_hfield96.cst,1D Results\Probes\H-Field\H-Field (0.0561058 0.326464 4.11302)(Z) [1],CST ResultTree 1D complex local Cartesian H-field probe,11,fibonacci_snap_32,fibonacci_snap,32,nearest_full96_cell_aggregation
L1_short_dipole_x_1p2G,1200000000,33,33,level1_local_sphere_r0p35,-0.263790262171,-0.20429400603,4.10572916667,-0.753686463345,-0.583697160086,0.302083333333,0.612303025669,-0.790623174943,0.0,0.238834084097,0.184966539004,0.953281521756,0.0320704250054,Hx,8.235066110069e-12,-2.3815746032530004e-11,C:\csttmp\huy_sf_safe_hfield96_s\L1_short_dipole_x_1p2G_hfield96.cst,1D Results\Probes\H-Field\H-Field (-0.26379 -0.204294 4.10573)(X) [1],CST ResultTree 1D complex local Cartesian H-field probe,12,fibonacci_snap_32,fibonacci_snap,32,nearest_full96_cell_aggregation
L1_short_dipole_x_1p2G,1200000000,33,33,level1_local_sphere_r0p35,-0.263790262171,-0.20429400603,4.10572916667,-0.753686463345,-0.583697160086,0.302083333333,0.612303025669,-0.790623174943,0.0,0.238834084097,0.184966539004,0.953281521756,0.0320704250054,Hy,5.491775014476e-06,2.974569904328e-06,C:\csttmp\huy_sf_safe_hfield96_s\L1_short_dipole_x_1p2G_hfield96.cst,1D Results\Probes\H-Field\H-Field (-0.26379 -0.204294 4.10573)(Y) [1],CST ResultTree 1D complex local Cartesian H-field probe,12,fibonacci_snap_32,fibonacci_snap,32,nearest_full96_cell_aggregation
L1_short_dipole_x_1p2G,1200000000,33,33,level1_local_sphere_r0p35,-0.263790262171,-0.20429400603,4.10572916667,-0.753686463345,-0.583697160086,0.302083333333,0.612303025669,-0.790623174943,0.0,0.238834084097,0.184966539004,0.953281521756,0.0320704250054,Hz,9.793463308033e-06,5.155800225558e-06,C:\csttmp\huy_sf_safe_hfield96_s\L1_short_dipole_x_1p2G_hfield96.cst,1D Results\Probes\H-Field\H-Field (-0.26379 -0.204294 4.10573)(Z) [1],CST ResultTree 1D complex local Cartesian H-field probe,12,fibonacci_snap_32,fibonacci_snap,32,nearest_full96_cell_aggregation
L1_short_dipole_x_1p2G,1200000000,47,47,level1_local_sphere_r0p35,0.334446318417,-0.10311337448,4.00364583333,0.955560909763,-0.294609641371,0.0104166666667,0.294625626268,0.955612756479,-0.0,-0.00995429954666,0.0030690169403,0.999945745056,0.0481056375081,Hx,-1.922591517456e-13,1.276060585031e-12,C:\csttmp\huy_sf_safe_hfield96_s\L1_short_dipole_x_1p2G_hfield96.cst,1D Results\Probes\H-Field\H-Field (0.334446 -0.103113 4.00365)(X) [1],CST ResultTree 1D complex local Cartesian H-field probe,13,fibonacci_snap_32,fibonacci_snap,32,nearest_full96_cell_aggregation
L1_short_dipole_x_1p2G,1200000000,47,47,level1_local_sphere_r0p35,0.334446318417,-0.10311337448,4.00364583333,0.955560909763,-0.294609641371,0.0104166666667,0.294625626268,0.955612756479,-0.0,-0.00995429954666,0.0030690169403,0.999945745056,0.0481056375081,Hy,2.092859462905e-07,9.476075434869e-08,C:\csttmp\huy_sf_safe_hfield96_s\L1_short_dipole_x_1p2G_hfield96.cst,1D Results\Probes\H-Field\H-Field (0.334446 -0.103113 4.00365)(Y) [1],CST ResultTree 1D complex local Cartesian H-field probe,13,fibonacci_snap_32,fibonacci_snap,32,nearest_full96_cell_aggregation
L1_short_dipole_x_1p2G,1200000000,47,47,level1_local_sphere_r0p35,0.334446318417,-0.10311337448,4.00364583333,0.955560909763,-0.294609641371,0.0104166666667,0.294625626268,0.955612756479,-0.0,-0.00995429954666,0.0030690169403,0.999945745056,0.0481056375081,Hz,5.12807838685e-06,2.941219580289e-06,C:\csttmp\huy_sf_safe_hfield96_s\L1_short_dipole_x_1p2G_hfield96.cst,1D Results\Probes\H-Field\H-Field (0.334446 -0.103113 4.00365)(Z) [1],CST ResultTree 1D complex local Cartesian H-field probe,13,fibonacci_snap_32,fibonacci_snap,32,nearest_full96_cell_aggregation
L1_short_dipole_x_1p2G,1200000000,48,48,level1_local_sphere_r0p35,-0.176958222919,0.301947835297,3.99635416667,-0.505594922625,0.86270810085,-0.0104166666667,-0.862754909569,-0.505622355137,0.0,-0.00526689953268,0.00898703030801,0.999945745056,0.0641408500108,Hx,1.0921632875579999e-13,7.832371553002999e-13,C:\csttmp\huy_sf_safe_hfield96_s\L1_short_dipole_x_1p2G_hfield96.cst,1D Results\Probes\H-Field\H-Field (-0.176958 0.301948 3.99635)(X) [1],CST ResultTree 1D complex local Cartesian H-field probe,14,fibonacci_snap_32,fibonacci_snap,32,nearest_full96_cell_aggregation
L1_short_dipole_x_1p2G,1200000000,48,48,level1_local_sphere_r0p35,-0.176958222919,0.301947835297,3.99635416667,-0.505594922625,0.86270810085,-0.0104166666667,-0.862754909569,-0.505622355137,0.0,-0.00526689953268,0.00898703030801,0.999945745056,0.0641408500108,Hy,-2.166681558709e-07,-8.369382470261e-08,C:\csttmp\huy_sf_safe_hfield96_s\L1_short_dipole_x_1p2G_hfield96.cst,1D Results\Probes\H-Field\H-Field (-0.176958 0.301948 3.99635)(Y) [1],CST ResultTree 1D complex local Cartesian H-field probe,14,fibonacci_snap_32,fibonacci_snap,32,nearest_full96_cell_aggregation
L1_short_dipole_x_1p2G,1200000000,48,48,level1_local_sphere_r0p35,-0.176958222919,0.301947835297,3.99635416667,-0.505594922625,0.86270810085,-0.0104166666667,-0.862754909569,-0.505622355137,0.0,-0.00526689953268,0.00898703030801,0.999945745056,0.0641408500108,Hz,-1.48790018852e-05,-8.745689830218e-06,C:\csttmp\huy_sf_safe_hfield96_s\L1_short_dipole_x_1p2G_hfield96.cst,1D Results\Probes\H-Field\H-Field (-0.176958 0.301948 3.99635)(Z) [1],CST ResultTree 1D complex local Cartesian H-field probe,14,fibonacci_snap_32,fibonacci_snap,32,nearest_full96_cell_aggregation
L1_short_dipole_x_1p2G,1200000000,49,49,level1_local_sphere_r0p35,-0.0734474433527,-0.342031934414,3.9890625,-0.209849838151,-0.977234098325,-0.03125,0.977711613182,-0.209952379001,0.0,-0.00656101184379,-0.0305534879119,0.999511599482,0.0641408500108,Hx,-3.700184650086e-13,5.088538921929e-13,C:\csttmp\huy_sf_safe_hfield96_s\L1_short_dipole_x_1p2G_hfield96.cst,1D Results\Probes\H-Field\H-Field (-0.0734474 -0.342032 3.98906)(X) [1],CST ResultTree 1D complex local Cartesian H-field probe,15,fibonacci_snap_32,fibonacci_snap,32,nearest_full96_cell_aggregation
L1_short_dipole_x_1p2G,1200000000,49,49,level1_local_sphere_r0p35,-0.0734474433527,-0.342031934414,3.9890625,-0.209849838151,-0.977234098325,-0.03125,0.977711613182,-0.209952379001,0.0,-0.00656101184379,-0.0305534879119,0.999511599482,0.0641408500108,Hy,-1.300111210585e-06,-5.104121170858e-07,C:\csttmp\huy_sf_safe_hfield96_s\L1_short_dipole_x_1p2G_hfield96.cst,1D Results\Probes\H-Field\H-Field (-0.0734474 -0.342032 3.98906)(Y) [1],CST ResultTree 1D complex local Cartesian H-field probe,15,fibonacci_snap_32,fibonacci_snap,32,nearest_full96_cell_aggregation
L1_short_dipole_x_1p2G,1200000000,49,49,level1_local_sphere_r0p35,-0.0734474433527,-0.342031934414,3.9890625,-0.209849838151,-0.977234098325,-0.03125,0.977711613182,-0.209952379001,0.0,-0.00656101184379,-0.0305534879119,0.999511599482,0.0641408500108,Hz,1.641835090293e-05,1.010392527254e-05,C:\csttmp\huy_sf_safe_hfield96_s\L1_short_dipole_x_1p2G_hfield96.cst,1D Results\Probes\H-Field\H-Field (-0.0734474 -0.342032 3.98906)(Z) [1],CST ResultTree 1D complex local Cartesian H-field probe,15,fibonacci_snap_32,fibonacci_snap,32,nearest_full96_cell_aggregation
L1_short_dipole_x_1p2G,1200000000,50,50,level1_local_sphere_r0p35,0.284949194234,0.202414560217,3.98177083333,0.814140554955,0.578327314906,-0.0520833333333,-0.579113321024,0.815247055445,0.0,0.0424607841378,0.0301621521367,0.99864274212,0.0641408500108,Hx,7.488514885924999e-13,-5.162738745061e-12,C:\csttmp\huy_sf_safe_hfield96_s\L1_short_dipole_x_1p2G_hfield96.cst,1D Results\Probes\H-Field\H-Field (0.284949 0.202415 3.98177)(X) [1],CST ResultTree 1D complex local Cartesian H-field probe,16,fibonacci_snap_32,fibonacci_snap,32,nearest_full96_cell_aggregation
L1_short_dipole_x_1p2G,1200000000,50,50,level1_local_sphere_r0p35,0.284949194234,0.202414560217,3.98177083333,0.814140554955,0.578327314906,-0.0520833333333,-0.579113321024,0.815247055445,0.0,0.0424607841378,0.0301621521367,0.99864274212,0.0641408500108,Hy,-1.079163944766e-06,-4.888793538898e-07,C:\csttmp\huy_sf_safe_hfield96_s\L1_short_dipole_x_1p2G_hfield96.cst,1D Results\Probes\H-Field\H-Field (0.284949 0.202415 3.98177)(Y) [1],CST ResultTree 1D complex local Cartesian H-field probe,16,fibonacci_snap_32,fibonacci_snap,32,nearest_full96_cell_aggregation
L1_short_dipole_x_1p2G,1200000000,50,50,level1_local_sphere_r0p35,0.284949194234,0.202414560217,3.98177083333,0.814140554955,0.578327314906,-0.0520833333333,-0.579113321024,0.815247055445,0.0,0.0424607841378,0.0301621521367,0.99864274212,0.0641408500108,Hz,-9.689496979143e-06,-5.474027844788e-06,C:\csttmp\huy_sf_safe_hfield96_s\L1_short_dipole_x_1p2G_hfield96.cst,1D Results\Probes\H-Field\H-Field (0.284949 0.202415 3.98177)(Z) [1],CST ResultTree 1D complex local Cartesian H-field probe,16,fibonacci_snap_32,fibonacci_snap,32,nearest_full96_cell_aggregation
L1_short_dipole_x_1p2G,1200000000,51,51,level1_local_sphere_r0p35,-0.346388597228,0.0431697437643,3.97447916667,-0.989681706365,0.123342125041,-0.0729166666667,-0.123671333575,-0.99232323426,0.0,-0.0723569024981,0.00901770140651,0.997338036837,0.0641408500108,Hx,-5.135863188403e-12,1.629910950214e-11,C:\csttmp\huy_sf_safe_hfield96_s\L1_short_dipole_x_1p2G_hfield96.cst,1D Results\Probes\H-Field\H-Field (-0.346389 0.0431697 3.97448)(X) [1],CST ResultTree 1D complex local Cartesian H-field probe,17,fibonacci_snap_32,fibonacci_snap,32,nearest_full96_cell_aggregation
L1_short_dipole_x_1p2G,1200000000,51,51,level1_local_sphere_r0p35,-0.346388597228,0.0431697437643,3.97447916667,-0.989681706365,0.123342125041,-0.0729166666667,-0.123671333575,-0.99232323426,0.0,-0.0723569024981,0.00901770140651,0.997338036837,0.0641408500108,Hy,-1.386619185813e-06,-7.160488300905e-07,C:\csttmp\huy_sf_safe_hfield96_s\L1_short_dipole_x_1p2G_hfield96.cst,1D Results\Probes\H-Field\H-Field (-0.346389 0.0431697 3.97448)(Y) [1],CST ResultTree 1D complex local Cartesian H-field probe,17,fibonacci_snap_32,fibonacci_snap,32,nearest_full96_cell_aggregation
L1_short_dipole_x_1p2G,1200000000,51,51,level1_local_sphere_r0p35,-0.346388597228,0.0431697437643,3.97447916667,-0.989681706365,0.123342125041,-0.0729166666667,-0.123671333575,-0.99232323426,0.0,-0.0723569024981,0.00901770140651,0.997338036837,0.0641408500108,Hz,-2.251357772613e-06,-1.303274705023e-06,C:\csttmp\huy_sf_safe_hfield96_s\L1_short_dipole_x_1p2G_hfield96.cst,1D Results\Probes\H-Field\H-Field (-0.346389 0.0431697 3.97448)(Z) [1],CST ResultTree 1D complex local Cartesian H-field probe,17,fibonacci_snap_32,fibonacci_snap,32,nearest_full96_cell_aggregation
L1_short_dipole_x_1p2G,1200000000,52,52,level1_local_sphere_r0p35,0.225860178959,-0.265349805737,3.9671875,0.645314797024,-0.758142302105,-0.09375,0.761496106001,0.648169484429,-0.0,0.0607658891652,-0.0713902599376,0.99559577013,0.0481056375081,Hx,7.209531654725e-13,-7.318876259936001e-12,C:\csttmp\huy_sf_safe_hfield96_s\L1_short_dipole_x_1p2G_hfield96.cst,1D Results\Probes\H-Field\H-Field (0.22586 -0.26535 3.96719)(X) [1],CST ResultTree 1D complex local Cartesian H-field probe,18,fibonacci_snap_32,fibonacci_snap,32,nearest_full96_cell_aggregation
L1_short_dipole_x_1p2G,1200000000,52,52,level1_local_sphere_r0p35,0.225860178959,-0.265349805737,3.9671875,0.645314797024,-0.758142302105,-0.09375,0.761496106001,0.648169484429,-0.0,0.0607658891652,-0.0713902599376,0.99559577013,0.0481056375081,Hy,-1.852759593424e-06,-7.479365539528e-07,C:\csttmp\huy_sf_safe_hfield96_s\L1_short_dipole_x_1p2G_hfield96.cst,1D Results\Probes\H-Field\H-Field (0.22586 -0.26535 3.96719)(Y) [1],CST ResultTree 1D complex local Cartesian H-field probe,18,fibonacci_snap_32,fibonacci_snap,32,nearest_full96_cell_aggregation
L1_short_dipole_x_1p2G,1200000000,52,52,level1_local_sphere_r0p35,0.225860178959,-0.265349805737,3.9671875,0.645314797024,-0.758142302105,-0.09375,0.761496106001,0.648169484429,-0.0,0.0607658891652,-0.0713902599376,0.99559577013,0.0481056375081,Hz,1.330994082346e-05,7.254168010202e-06,C:\csttmp\huy_sf_safe_hfield96_s\L1_short_dipole_x_1p2G_hfield96.cst,1D Results\Probes\H-Field\H-Field (0.22586 -0.26535 3.96719)(Z) [1],CST ResultTree 1D complex local Cartesian H-field probe,18,fibonacci_snap_32,fibonacci_snap,32,nearest_full96_cell_aggregation
L1_short_dipole_x_1p2G,1200000000,53,53,level1_local_sphere_r0p35,0.0126711182461,0.34746380902,3.95989583333,0.0362031949889,0.992753740056,-0.114583333333,-0.999335725111,0.0364432231839,0.0,0.00417578598983,0.114507218502,0.993413639791,0.0481056375081,Hx,-6.633473054055999e-13,-8.551277323092999e-13,C:\csttmp\huy_sf_safe_hfield96_s\L1_short_dipole_x_1p2G_hfield96.cst,1D Results\Probes\H-Field\H-Field (0.0126711 0.347464 3.9599)(X) [1],CST ResultTree 1D complex local Cartesian H-field probe,19,fibonacci_snap_32,fibonacci_snap,32,nearest_full96_cell_aggregation
L1_short_dipole_x_1p2G,1200000000,53,53,level1_local_sphere_r0p35,0.0126711182461,0.34746380902,3.95989583333,0.0362031949889,0.992753740056,-0.114583333333,-0.999335725111,0.0364432231839,0.0,0.00417578598983,0.114507218502,0.993413639791,0.0481056375081,Hy,-4.633656014508e-06,-1.913332459334e-06,C:\csttmp\huy_sf_safe_hfield96_s\L1_short_dipole_x_1p2G_hfield96.cst,1D Results\Probes\H-Field\H-Field (0.0126711 0.347464 3.9599)(Y) [1],CST ResultTree 1D complex local Cartesian H-field probe,19,fibonacci_snap_32,fibonacci_snap,32,nearest_full96_cell_aggregation
L1_short_dipole_x_1p2G,1200000000,53,53,level1_local_sphere_r0p35,0.0126711182461,0.34746380902,3.95989583333,0.0362031949889,0.992753740056,-0.114583333333,-0.999335725111,0.0364432231839,0.0,0.00417578598983,0.114507218502,0.993413639791,0.0481056375081,Hz,-1.624746160565e-05,-1.136045762194e-05,C:\csttmp\huy_sf_safe_hfield96_s\L1_short_dipole_x_1p2G_hfield96.cst,1D Results\Probes\H-Field\H-Field (0.0126711 0.347464 3.9599)(Z) [1],CST ResultTree 1D complex local Cartesian H-field probe,19,fibonacci_snap_32,fibonacci_snap,32,nearest_full96_cell_aggregation
L1_short_dipole_x_1p2G,1200000000,54,54,level1_local_sphere_r0p35,-0.243406860154,-0.246995415772,3.95260416667,-0.695448171869,-0.705701187921,-0.135416666667,0.712262018897,-0.701913681614,0.0,-0.0950508110519,-0.0964521483923,0.990788739535,0.0481056375081,Hx,-3.188649874358e-12,1.0120729421250001e-11,C:\csttmp\huy_sf_safe_hfield96_s\L1_short_dipole_x_1p2G_hfield96.cst,1D Results\Probes\H-Field\H-Field (-0.243407 -0.246995 3.9526)(X) [1],CST ResultTree 1D complex local Cartesian H-field probe,20,fibonacci_snap_32,fibonacci_snap,32,nearest_full96_cell_aggregation
L1_short_dipole_x_1p2G,1200000000,54,54,level1_local_sphere_r0p35,-0.243406860154,-0.246995415772,3.95260416667,-0.695448171869,-0.705701187921,-0.135416666667,0.712262018897,-0.701913681614,0.0,-0.0950508110519,-0.0964521483923,0.990788739535,0.0481056375081,Hy,-2.643856640537e-06,-1.147440081264e-06,C:\csttmp\huy_sf_safe_hfield96_s\L1_short_dipole_x_1p2G_hfield96.cst,1D Results\Probes\H-Field\H-Field (-0.243407 -0.246995 3.9526)(Y) [1],CST ResultTree 1D complex local Cartesian H-field probe,20,fibonacci_snap_32,fibonacci_snap,32,nearest_full96_cell_aggregation
L1_short_dipole_x_1p2G,1200000000,54,54,level1_local_sphere_r0p35,-0.243406860154,-0.246995415772,3.95260416667,-0.695448171869,-0.705701187921,-0.135416666667,0.712262018897,-0.701913681614,0.0,-0.0950508110519,-0.0964521483923,0.990788739535,0.0481056375081,Hz,1.224305969083e-05,6.588684001683e-06,C:\csttmp\huy_sf_safe_hfield96_s\L1_short_dipole_x_1p2G_hfield96.cst,1D Results\Probes\H-Field\H-Field (-0.243407 -0.246995 3.9526)(Z) [1],CST ResultTree 1D complex local Cartesian H-field probe,20,fibonacci_snap_32,fibonacci_snap,32,nearest_full96_cell_aggregation
L1_short_dipole_x_1p2G,1200000000,55,55,level1_local_sphere_r0p35,0.345250131755,0.0176528713454,3.9453125,0.986428947872,0.0504367752725,-0.15625,-0.0510639664318,0.998695384656,0.0,0.156046153852,0.00797874475497,0.98771753933,0.0481056375081,Hx,6.448624340931e-12,-3.6751128471270005e-11,C:\csttmp\huy_sf_safe_hfield96_s\L1_short_dipole_x_1p2G_hfield96.cst,1D Results\Probes\H-Field\H-Field (0.34525 0.0176529 3.94531)(X) [1],CST ResultTree 1D complex local Cartesian H-field probe,21,fibonacci_snap_32,fibonacci_snap,32,nearest_full96_cell_aggregation
L1_short_dipole_x_1p2G,1200000000,55,55,level1_local_sphere_r0p35,0.345250131755,0.0176528713454,3.9453125,0.986428947872,0.0504367752725,-0.15625,-0.0510639664318,0.998695384656,0.0,0.156046153852,0.00797874475497,0.98771753933,0.0481056375081,Hy,-2.91383296139e-06,-1.504472085143e-06,C:\csttmp\huy_sf_safe_hfield96_s\L1_short_dipole_x_1p2G_hfield96.cst,1D Results\Probes\H-Field\H-Field (0.34525 0.0176529 3.94531)(Y) [1],CST ResultTree 1D complex local Cartesian H-field probe,21,fibonacci_snap_32,fibonacci_snap,32,nearest_full96_cell_aggregation
L1_short_dipole_x_1p2G,1200000000,55,55,level1_local_sphere_r0p35,0.345250131755,0.0176528713454,3.9453125,0.986428947872,0.0504367752725,-0.15625,-0.0510639664318,0.998695384656,0.0,0.156046153852,0.00797874475497,0.98771753933,0.0481056375081,Hz,-8.647464209227e-07,-5.29010289475e-07,C:\csttmp\huy_sf_safe_hfield96_s\L1_short_dipole_x_1p2G_hfield96.cst,1D Results\Probes\H-Field\H-Field (0.34525 0.0176529 3.94531)(Z) [1],CST ResultTree 1D complex local Cartesian H-field probe,21,fibonacci_snap_32,fibonacci_snap,32,nearest_full96_cell_aggregation
L1_short_dipole_x_1p2G,1200000000,77,77,level1_local_sphere_r0p35,-0.234394005023,0.145909725145,3.78489583333,-0.669697157208,0.416884928987,-0.614583333333,-0.528470460541,-0.848951690225,0.0,-0.521751559617,0.324789137207,0.788851903965,0.0481056375081,Hx,-1.8382109351000003e-11,4.257419334317e-11,C:\csttmp\huy_sf_safe_hfield96_s\L1_short_dipole_x_1p2G_hfield96.cst,1D Results\Probes\H-Field\H-Field (-0.234394 0.14591 3.7849)(X) [1],CST ResultTree 1D complex local Cartesian H-field probe,22,fibonacci_snap_32,fibonacci_snap,32,nearest_full96_cell_aggregation
L1_short_dipole_x_1p2G,1200000000,77,77,level1_local_sphere_r0p35,-0.234394005023,0.145909725145,3.78489583333,-0.669697157208,0.416884928987,-0.614583333333,-0.528470460541,-0.848951690225,0.0,-0.521751559617,0.324789137207,0.788851903965,0.0481056375081,Hy,-1.028673415007e-05,-5.447792843872e-06,C:\csttmp\huy_sf_safe_hfield96_s\L1_short_dipole_x_1p2G_hfield96.cst,1D Results\Probes\H-Field\H-Field (-0.234394 0.14591 3.7849)(Y) [1],CST ResultTree 1D complex local Cartesian H-field probe,22,fibonacci_snap_32,fibonacci_snap,32,nearest_full96_cell_aggregation
L1_short_dipole_x_1p2G,1200000000,77,77,level1_local_sphere_r0p35,-0.234394005023,0.145909725145,3.78489583333,-0.669697157208,0.416884928987,-0.614583333333,-0.528470460541,-0.848951690225,0.0,-0.521751559617,0.324789137207,0.788851903965,0.0481056375081,Hz,-7.243842370993e-06,-4.081421941858e-06,C:\csttmp\huy_sf_safe_hfield96_s\L1_short_dipole_x_1p2G_hfield96.cst,1D Results\Probes\H-Field\H-Field (-0.234394 0.14591 3.7849)(Z) [1],CST ResultTree 1D complex local Cartesian H-field probe,22,fibonacci_snap_32,fibonacci_snap,32,nearest_full96_cell_aggregation
L1_short_dipole_x_1p2G,1200000000,78,78,level1_local_sphere_r0p35,0.0727035072171,-0.260296548871,3.77760416667,0.207724306334,-0.743704425347,-0.635416666667,0.96313629763,0.269013888465,-0.0,0.170935908295,-0.611992855786,0.772169450135,0.0481056375081,Hx,-1.111457730381e-12,-1.551746214996e-11,C:\csttmp\huy_sf_safe_hfield96_s\L1_short_dipole_x_1p2G_hfield96.cst,1D Results\Probes\H-Field\H-Field (0.0727035 -0.260297 3.7776)(X) [1],CST ResultTree 1D complex local Cartesian H-field probe,23,fibonacci_snap_32,fibonacci_snap,32,nearest_full96_cell_aggregation
L1_short_dipole_x_1p2G,1200000000,78,78,level1_local_sphere_r0p35,0.0727035072171,-0.260296548871,3.77760416667,0.207724306334,-0.743704425347,-0.635416666667,0.96313629763,0.269013888465,-0.0,0.170935908295,-0.611992855786,0.772169450135,0.0481056375081,Hy,-1.055486259951e-05,-5.952756876174e-06,C:\csttmp\huy_sf_safe_hfield96_s\L1_short_dipole_x_1p2G_hfield96.cst,1D Results\Probes\H-Field\H-Field (0.0727035 -0.260297 3.7776)(Y) [1],CST ResultTree 1D complex local Cartesian H-field probe,23,fibonacci_snap_32,fibonacci_snap,32,nearest_full96_cell_aggregation
