sample_id,frequency_hz,sensor_id,node_id,prior_id,x_m,y_m,z_m,normal_x,normal_y,normal_z,tangent1_x,tangent1_y,tangent1_z,tangent2_x,tangent2_y,tangent2_z,weight_m2,polarization,e_real,e_imag,cst_project,cst_probe_item,extraction_method,selection_order,layout_candidate,layout_method,layout_sensor_count,weighting_model
L1_short_dipole_x_1p2G,1200000000,95,95,level1_local_sphere_r0p35,-0.0115379592595,0.0490475965646,3.65364583333,-0.0329655978843,0.140135990185,-0.989583333333,-0.0,0.990121477253,0.14021219734,0.999456486975,0.00462217891599,-0.0326399464757,0.0320704250054,Ex,0.006582929173478,0.003538171573964,C:\csttmp\huy_sf_safe_efield96_s\L1_short_dipole_x_1p2G_efield96.cst,1D Results\Probes\E-Field\E-Field (-0.011538 0.0490476 3.65365)(X) [1],CST ResultTree 1D complex local Cartesian E-field probe,0,field_weighted_48,field_weighted,48,nearest_full96_cell_aggregation
L1_short_dipole_x_1p2G,1200000000,95,95,level1_local_sphere_r0p35,-0.0115379592595,0.0490475965646,3.65364583333,-0.0329655978843,0.140135990185,-0.989583333333,-0.0,0.990121477253,0.14021219734,0.999456486975,0.00462217891599,-0.0326399464757,0.0320704250054,Ey,3.435998320345e-05,9.657615623116e-06,C:\csttmp\huy_sf_safe_efield96_s\L1_short_dipole_x_1p2G_efield96.cst,1D Results\Probes\E-Field\E-Field (-0.011538 0.0490476 3.65365)(Y) [1],CST ResultTree 1D complex local Cartesian E-field probe,0,field_weighted_48,field_weighted,48,nearest_full96_cell_aggregation
L1_short_dipole_x_1p2G,1200000000,95,95,level1_local_sphere_r0p35,-0.0115379592595,0.0490475965646,3.65364583333,-0.0329655978843,0.140135990185,-0.989583333333,-0.0,0.990121477253,0.14021219734,0.999456486975,0.00462217891599,-0.0326399464757,0.0320704250054,Ez,-0.000218171937329,-8.956441984452e-05,C:\csttmp\huy_sf_safe_efield96_s\L1_short_dipole_x_1p2G_efield96.cst,1D Results\Probes\E-Field\E-Field (-0.011538 0.0490476 3.65365)(Z) [1],CST ResultTree 1D complex local Cartesian E-field probe,0,field_weighted_48,field_weighted,48,nearest_full96_cell_aggregation
L1_short_dipole_x_1p2G,1200000000,0,0,level1_local_sphere_r0p35,0.050386419129,0.0,4.34635416667,0.143961197511,0.0,0.989583333333,0.0,-1.0,0.0,0.989583333333,0.0,-0.143961197511,0.0320704250054,Ex,0.006453757546652,0.003570417185833,C:\csttmp\huy_sf_safe_efield96_s\L1_short_dipole_x_1p2G_efield96.cst,1D Results\Probes\E-Field\E-Field (0.0503864 0 4.34635)(X) [1],CST ResultTree 1D complex local Cartesian E-field probe,1,field_weighted_48,field_weighted,48,nearest_full96_cell_aggregation
L1_short_dipole_x_1p2G,1200000000,0,0,level1_local_sphere_r0p35,0.050386419129,0.0,4.34635416667,0.143961197511,0.0,0.989583333333,0.0,-1.0,0.0,0.989583333333,0.0,-0.143961197511,0.0320704250054,Ey,8.248139148536e-06,1.194698038857e-07,C:\csttmp\huy_sf_safe_efield96_s\L1_short_dipole_x_1p2G_efield96.cst,1D Results\Probes\E-Field\E-Field (0.0503864 0 4.34635)(Y) [1],CST ResultTree 1D complex local Cartesian E-field probe,1,field_weighted_48,field_weighted,48,nearest_full96_cell_aggregation
L1_short_dipole_x_1p2G,1200000000,0,0,level1_local_sphere_r0p35,0.050386419129,0.0,4.34635416667,0.143961197511,0.0,0.989583333333,0.0,-1.0,0.0,0.989583333333,0.0,-0.143961197511,0.0320704250054,Ez,-0.0009415314618472,-0.000394049894416,C:\csttmp\huy_sf_safe_efield96_s\L1_short_dipole_x_1p2G_efield96.cst,1D Results\Probes\E-Field\E-Field (0.0503864 0 4.34635)(Z) [1],CST ResultTree 1D complex local Cartesian E-field probe,1,field_weighted_48,field_weighted,48,nearest_full96_cell_aggregation
L1_short_dipole_x_1p2G,1200000000,49,49,level1_local_sphere_r0p35,-0.0734474433527,-0.342031934414,3.9890625,-0.209849838151,-0.977234098325,-0.03125,0.977711613182,-0.209952379001,0.0,-0.00656101184379,-0.0305534879119,0.999511599482,0.0320704250054,Ex,0.006322356502063,0.003622210790583,C:\csttmp\huy_sf_safe_efield96_s\L1_short_dipole_x_1p2G_efield96.cst,1D Results\Probes\E-Field\E-Field (-0.0734474 -0.342032 3.98906)(X) [1],CST ResultTree 1D complex local Cartesian E-field probe,2,field_weighted_48,field_weighted,48,nearest_full96_cell_aggregation
L1_short_dipole_x_1p2G,1200000000,49,49,level1_local_sphere_r0p35,-0.0734474433527,-0.342031934414,3.9890625,-0.209849838151,-0.977234098325,-0.03125,0.977711613182,-0.209952379001,0.0,-0.00656101184379,-0.0305534879119,0.999511599482,0.0320704250054,Ey,-0.001386067145651,-0.0004718584694717,C:\csttmp\huy_sf_safe_efield96_s\L1_short_dipole_x_1p2G_efield96.cst,1D Results\Probes\E-Field\E-Field (-0.0734474 -0.342032 3.98906)(Y) [1],CST ResultTree 1D complex local Cartesian E-field probe,2,field_weighted_48,field_weighted,48,nearest_full96_cell_aggregation
L1_short_dipole_x_1p2G,1200000000,49,49,level1_local_sphere_r0p35,-0.0734474433527,-0.342031934414,3.9890625,-0.209849838151,-0.977234098325,-0.03125,0.977711613182,-0.209952379001,0.0,-0.00656101184379,-0.0305534879119,0.999511599482,0.0320704250054,Ez,-5.212078660628e-05,-1.33716470361e-05,C:\csttmp\huy_sf_safe_efield96_s\L1_short_dipole_x_1p2G_efield96.cst,1D Results\Probes\E-Field\E-Field (-0.0734474 -0.342032 3.98906)(Z) [1],CST ResultTree 1D complex local Cartesian E-field probe,2,field_weighted_48,field_weighted,48,nearest_full96_cell_aggregation
L1_short_dipole_x_1p2G,1200000000,40,40,level1_local_sphere_r0p35,-0.0618748285048,0.340118777696,4.0546875,-0.1767852243,0.971767936274,0.15625,-0.983852060512,-0.17898358312,0.0,0.0279661848625,-0.153726884455,0.98771753933,0.0320704250054,Ex,0.006259113152869,0.003472027109603,C:\csttmp\huy_sf_safe_efield96_s\L1_short_dipole_x_1p2G_efield96.cst,1D Results\Probes\E-Field\E-Field (-0.0618748 0.340119 4.05469)(X) [1],CST ResultTree 1D complex local Cartesian E-field probe,3,field_weighted_48,field_weighted,48,nearest_full96_cell_aggregation
L1_short_dipole_x_1p2G,1200000000,40,40,level1_local_sphere_r0p35,-0.0618748285048,0.340118777696,4.0546875,-0.1767852243,0.971767936274,0.15625,-0.983852060512,-0.17898358312,0.0,0.0279661848625,-0.153726884455,0.98771753933,0.0320704250054,Ey,0.001158195806418,0.0003673622480918,C:\csttmp\huy_sf_safe_efield96_s\L1_short_dipole_x_1p2G_efield96.cst,1D Results\Probes\E-Field\E-Field (-0.0618748 0.340119 4.05469)(Y) [1],CST ResultTree 1D complex local Cartesian E-field probe,3,field_weighted_48,field_weighted,48,nearest_full96_cell_aggregation
L1_short_dipole_x_1p2G,1200000000,40,40,level1_local_sphere_r0p35,-0.0618748285048,0.340118777696,4.0546875,-0.1767852243,0.971767936274,0.15625,-0.983852060512,-0.17898358312,0.0,0.0279661848625,-0.153726884455,0.98771753933,0.0320704250054,Ez,0.0002123162788553,5.60174027683e-05,C:\csttmp\huy_sf_safe_efield96_s\L1_short_dipole_x_1p2G_efield96.cst,1D Results\Probes\E-Field\E-Field (-0.0618748 0.340119 4.05469)(Z) [1],CST ResultTree 1D complex local Cartesian E-field probe,3,field_weighted_48,field_weighted,48,nearest_full96_cell_aggregation
L1_short_dipole_x_1p2G,1200000000,60,60,level1_local_sphere_r0p35,0.294014577107,-0.166576905705,3.90885416667,0.840041648878,-0.475934016301,-0.260416666667,0.492942336922,0.87006198197,-0.0,0.226578641138,-0.12837040024,0.965496328176,0.0481056375081,Ex,0.001334893398407,0.001993696395616,C:\csttmp\huy_sf_safe_efield96_s\L1_short_dipole_x_1p2G_efield96.cst,1D Results\Probes\E-Field\E-Field (0.294015 -0.166577 3.90885)(X) [1],CST ResultTree 1D complex local Cartesian E-field probe,4,field_weighted_48,field_weighted,48,nearest_full96_cell_aggregation
L1_short_dipole_x_1p2G,1200000000,60,60,level1_local_sphere_r0p35,0.294014577107,-0.166576905705,3.90885416667,0.840041648878,-0.475934016301,-0.260416666667,0.492942336922,0.87006198197,-0.0,0.226578641138,-0.12837040024,0.965496328176,0.0481056375081,Ey,0.00278711247638,0.0007919090677686,C:\csttmp\huy_sf_safe_efield96_s\L1_short_dipole_x_1p2G_efield96.cst,1D Results\Probes\E-Field\E-Field (0.294015 -0.166577 3.90885)(Y) [1],CST ResultTree 1D complex local Cartesian E-field probe,4,field_weighted_48,field_weighted,48,nearest_full96_cell_aggregation
L1_short_dipole_x_1p2G,1200000000,60,60,level1_local_sphere_r0p35,0.294014577107,-0.166576905705,3.90885416667,0.840041648878,-0.475934016301,-0.260416666667,0.492942336922,0.87006198197,-0.0,0.226578641138,-0.12837040024,0.965496328176,0.0481056375081,Ez,0.001605169652911,0.0004322165156796,C:\csttmp\huy_sf_safe_efield96_s\L1_short_dipole_x_1p2G_efield96.cst,1D Results\Probes\E-Field\E-Field (0.294015 -0.166577 3.90885)(Z) [1],CST ResultTree 1D complex local Cartesian E-field probe,4,field_weighted_48,field_weighted,48,nearest_full96_cell_aggregation
L1_short_dipole_x_1p2G,1200000000,50,50,level1_local_sphere_r0p35,0.284949194234,0.202414560217,3.98177083333,0.814140554955,0.578327314906,-0.0520833333333,-0.579113321024,0.815247055445,0.0,0.0424607841378,0.0301621521367,0.99864274212,0.0481056375081,Ex,0.001678622967967,0.002281741331609,C:\csttmp\huy_sf_safe_efield96_s\L1_short_dipole_x_1p2G_efield96.cst,1D Results\Probes\E-Field\E-Field (0.284949 0.202415 3.98177)(X) [1],CST ResultTree 1D complex local Cartesian E-field probe,5,field_weighted_48,field_weighted,48,nearest_full96_cell_aggregation
L1_short_dipole_x_1p2G,1200000000,50,50,level1_local_sphere_r0p35,0.284949194234,0.202414560217,3.98177083333,0.814140554955,0.578327314906,-0.0520833333333,-0.579113321024,0.815247055445,0.0,0.0424607841378,0.0301621521367,0.99864274212,0.0481056375081,Ey,-0.003298963773361,-0.0009459249405073,C:\csttmp\huy_sf_safe_efield96_s\L1_short_dipole_x_1p2G_efield96.cst,1D Results\Probes\E-Field\E-Field (0.284949 0.202415 3.98177)(Y) [1],CST ResultTree 1D complex local Cartesian E-field probe,5,field_weighted_48,field_weighted,48,nearest_full96_cell_aggregation
L1_short_dipole_x_1p2G,1200000000,50,50,level1_local_sphere_r0p35,0.284949194234,0.202414560217,3.98177083333,0.814140554955,0.578327314906,-0.0520833333333,-0.579113321024,0.815247055445,0.0,0.0424607841378,0.0301621521367,0.99864274212,0.0481056375081,Ez,0.0003178657559487,7.748603035994e-05,C:\csttmp\huy_sf_safe_efield96_s\L1_short_dipole_x_1p2G_efield96.cst,1D Results\Probes\E-Field\E-Field (0.284949 0.202415 3.98177)(Z) [1],CST ResultTree 1D complex local Cartesian E-field probe,5,field_weighted_48,field_weighted,48,nearest_full96_cell_aggregation
L1_short_dipole_x_1p2G,1200000000,25,25,level1_local_sphere_r0p35,-0.294540031094,-0.0939663034128,4.1640625,-0.841542945982,-0.268475152608,0.46875,0.303934980345,-0.952692777197,0.0,0.446574739311,0.142469522037,0.883330876569,0.0481056375081,Ex,0.001327385666995,0.001887015954641,C:\csttmp\huy_sf_safe_efield96_s\L1_short_dipole_x_1p2G_efield96.cst,1D Results\Probes\E-Field\E-Field (-0.29454 -0.0939663 4.16406)(X) [1],CST ResultTree 1D complex local Cartesian E-field probe,6,field_weighted_48,field_weighted,48,nearest_full96_cell_aggregation
L1_short_dipole_x_1p2G,1200000000,25,25,level1_local_sphere_r0p35,-0.294540031094,-0.0939663034128,4.1640625,-0.841542945982,-0.268475152608,0.46875,0.303934980345,-0.952692777197,0.0,0.446574739311,0.142469522037,0.883330876569,0.0481056375081,Ey,-0.001642676538788,-0.0004593465388495,C:\csttmp\huy_sf_safe_efield96_s\L1_short_dipole_x_1p2G_efield96.cst,1D Results\Probes\E-Field\E-Field (-0.29454 -0.0939663 4.16406)(Y) [1],CST ResultTree 1D complex local Cartesian E-field probe,6,field_weighted_48,field_weighted,48,nearest_full96_cell_aggregation
L1_short_dipole_x_1p2G,1200000000,25,25,level1_local_sphere_r0p35,-0.294540031094,-0.0939663034128,4.1640625,-0.841542945982,-0.268475152608,0.46875,0.303934980345,-0.952692777197,0.0,0.446574739311,0.142469522037,0.883330876569,0.0481056375081,Ez,0.00277075397492,0.0007927859278123,C:\csttmp\huy_sf_safe_efield96_s\L1_short_dipole_x_1p2G_efield96.cst,1D Results\Probes\E-Field\E-Field (-0.29454 -0.0939663 4.16406)(Z) [1],CST ResultTree 1D complex local Cartesian E-field probe,6,field_weighted_48,field_weighted,48,nearest_full96_cell_aggregation
L1_short_dipole_x_1p2G,1200000000,64,64,level1_local_sphere_r0p35,-0.309813379442,0.10972954143,3.8796875,-0.88518108412,0.313512975515,-0.34375,-0.33385787368,-0.942623424376,0.0,-0.324026802129,0.114763644077,0.939061200082,0.0481056375081,Ex,0.0007102344267346,0.001738719604123,C:\csttmp\huy_sf_safe_efield96_s\L1_short_dipole_x_1p2G_efield96.cst,1D Results\Probes\E-Field\E-Field (-0.309813 0.10973 3.87969)(X) [1],CST ResultTree 1D complex local Cartesian E-field probe,7,field_weighted_48,field_weighted,48,nearest_full96_cell_aggregation
L1_short_dipole_x_1p2G,1200000000,64,64,level1_local_sphere_r0p35,-0.309813379442,0.10972954143,3.8796875,-0.88518108412,0.313512975515,-0.34375,-0.33385787368,-0.942623424376,0.0,-0.324026802129,0.114763644077,0.939061200082,0.0481056375081,Ey,0.002036456011706,0.0005399904593878,C:\csttmp\huy_sf_safe_efield96_s\L1_short_dipole_x_1p2G_efield96.cst,1D Results\Probes\E-Field\E-Field (-0.309813 0.10973 3.87969)(Y) [1],CST ResultTree 1D complex local Cartesian E-field probe,7,field_weighted_48,field_weighted,48,nearest_full96_cell_aggregation
L1_short_dipole_x_1p2G,1200000000,64,64,level1_local_sphere_r0p35,-0.309813379442,0.10972954143,3.8796875,-0.88518108412,0.313512975515,-0.34375,-0.33385787368,-0.942623424376,0.0,-0.324026802129,0.114763644077,0.939061200082,0.0481056375081,Ez,-0.002198194693193,-0.0005983440631237,C:\csttmp\huy_sf_safe_efield96_s\L1_short_dipole_x_1p2G_efield96.cst,1D Results\Probes\E-Field\E-Field (-0.309813 0.10973 3.87969)(Z) [1],CST ResultTree 1D complex local Cartesian E-field probe,7,field_weighted_48,field_weighted,48,nearest_full96_cell_aggregation
L1_short_dipole_x_1p2G,1200000000,83,83,level1_local_sphere_r0p35,-0.0683067632352,-0.225452226637,3.74114583333,-0.195162180672,-0.644149218963,-0.739583333333,0.957038651237,-0.289960376671,0.0,-0.214449861913,-0.70780983581,0.673064999131,0.0320704250054,Ex,0.006029415718516,0.003745397801744,C:\csttmp\huy_sf_safe_efield96_s\L1_short_dipole_x_1p2G_efield96.cst,1D Results\Probes\E-Field\E-Field (-0.0683068 -0.225452 3.74115)(X) [1],CST ResultTree 1D complex local Cartesian E-field probe,8,field_weighted_48,field_weighted,48,nearest_full96_cell_aggregation
L1_short_dipole_x_1p2G,1200000000,83,83,level1_local_sphere_r0p35,-0.0683067632352,-0.225452226637,3.74114583333,-0.195162180672,-0.644149218963,-0.739583333333,0.957038651237,-0.289960376671,0.0,-0.214449861913,-0.70780983581,0.673064999131,0.0320704250054,Ey,-0.0008458234080786,-0.0002476400800733,C:\csttmp\huy_sf_safe_efield96_s\L1_short_dipole_x_1p2G_efield96.cst,1D Results\Probes\E-Field\E-Field (-0.0683068 -0.225452 3.74115)(Y) [1],CST ResultTree 1D complex local Cartesian E-field probe,8,field_weighted_48,field_weighted,48,nearest_full96_cell_aggregation
L1_short_dipole_x_1p2G,1200000000,83,83,level1_local_sphere_r0p35,-0.0683067632352,-0.225452226637,3.74114583333,-0.195162180672,-0.644149218963,-0.739583333333,0.957038651237,-0.289960376671,0.0,-0.214449861913,-0.70780983581,0.673064999131,0.0320704250054,Ez,-0.0009879328050037,-0.0002898245105513,C:\csttmp\huy_sf_safe_efield96_s\L1_short_dipole_x_1p2G_efield96.cst,1D Results\Probes\E-Field\E-Field (-0.0683068 -0.225452 3.74115)(Z) [1],CST ResultTree 1D complex local Cartesian E-field probe,8,field_weighted_48,field_weighted,48,nearest_full96_cell_aggregation
L1_short_dipole_x_1p2G,1200000000,15,15,level1_local_sphere_r0p35,-0.0331001415477,-0.255431507836,4.23697916667,-0.0945718329936,-0.729804308104,0.677083333333,0.991708123697,-0.128510689799,0.0,0.0870124462181,0.671469042087,0.735906352549,0.0160352125027,Ex,0.006225544432815,0.003749311147054,C:\csttmp\huy_sf_safe_efield96_s\L1_short_dipole_x_1p2G_efield96.cst,1D Results\Probes\E-Field\E-Field (-0.0331001 -0.255432 4.23698)(X) [1],CST ResultTree 1D complex local Cartesian E-field probe,9,field_weighted_48,field_weighted,48,nearest_full96_cell_aggregation
L1_short_dipole_x_1p2G,1200000000,15,15,level1_local_sphere_r0p35,-0.0331001415477,-0.255431507836,4.23697916667,-0.0945718329936,-0.729804308104,0.677083333333,0.991708123697,-0.128510689799,0.0,0.0870124462181,0.671469042087,0.735906352549,0.0160352125027,Ey,-0.0004684288901723,-0.0001419920870475,C:\csttmp\huy_sf_safe_efield96_s\L1_short_dipole_x_1p2G_efield96.cst,1D Results\Probes\E-Field\E-Field (-0.0331001 -0.255432 4.23698)(Y) [1],CST ResultTree 1D complex local Cartesian E-field probe,9,field_weighted_48,field_weighted,48,nearest_full96_cell_aggregation
L1_short_dipole_x_1p2G,1200000000,15,15,level1_local_sphere_r0p35,-0.0331001415477,-0.255431507836,4.23697916667,-0.0945718329936,-0.729804308104,0.677083333333,0.991708123697,-0.128510689799,0.0,0.0870124462181,0.671469042087,0.735906352549,0.0160352125027,Ez,0.0004222974421176,0.0001308446365397,C:\csttmp\huy_sf_safe_efield96_s\L1_short_dipole_x_1p2G_efield96.cst,1D Results\Probes\E-Field\E-Field (-0.0331001 -0.255432 4.23698)(Z) [1],CST ResultTree 1D complex local Cartesian E-field probe,9,field_weighted_48,field_weighted,48,nearest_full96_cell_aggregation
L1_short_dipole_x_1p2G,1200000000,74,74,level1_local_sphere_r0p35,-0.0283481783019,0.290445984541,3.80677083333,-0.0809947951483,0.829845670119,-0.552083333333,-0.995270664245,-0.0971406449059,0.0,-0.0536297310418,0.549472345885,0.833788937955,0.0320704250054,Ex,0.0063108738885,0.003532821134464,C:\csttmp\huy_sf_safe_efield96_s\L1_short_dipole_x_1p2G_efield96.cst,1D Results\Probes\E-Field\E-Field (-0.0283482 0.290446 3.80677)(X) [1],CST ResultTree 1D complex local Cartesian E-field probe,10,field_weighted_48,field_weighted,48,nearest_full96_cell_aggregation
L1_short_dipole_x_1p2G,1200000000,74,74,level1_local_sphere_r0p35,-0.0283481783019,0.290445984541,3.80677083333,-0.0809947951483,0.829845670119,-0.552083333333,-0.995270664245,-0.0971406449059,0.0,-0.0536297310418,0.549472345885,0.833788937955,0.0320704250054,Ey,0.0004609876262017,0.0001369748435695,C:\csttmp\huy_sf_safe_efield96_s\L1_short_dipole_x_1p2G_efield96.cst,1D Results\Probes\E-Field\E-Field (-0.0283482 0.290446 3.80677)(Y) [1],CST ResultTree 1D complex local Cartesian E-field probe,10,field_weighted_48,field_weighted,48,nearest_full96_cell_aggregation
L1_short_dipole_x_1p2G,1200000000,74,74,level1_local_sphere_r0p35,-0.0283481783019,0.290445984541,3.80677083333,-0.0809947951483,0.829845670119,-0.552083333333,-0.995270664245,-0.0971406449059,0.0,-0.0536297310418,0.549472345885,0.833788937955,0.0320704250054,Ez,-0.0002922347871086,-9.542809927472e-05,C:\csttmp\huy_sf_safe_efield96_s\L1_short_dipole_x_1p2G_efield96.cst,1D Results\Probes\E-Field\E-Field (-0.0283482 0.290446 3.80677)(Z) [1],CST ResultTree 1D complex local Cartesian E-field probe,10,field_weighted_48,field_weighted,48,nearest_full96_cell_aggregation
L1_short_dipole_x_1p2G,1200000000,14,14,level1_local_sphere_r0p35,-0.144163462072,0.205057689897,4.24427083333,-0.41189560592,0.585879113993,0.697916666667,-0.81806243022,-0.57512942914,0.0,0.401392414087,-0.570939404424,0.716178976506,0.0320704250054,Ex,0.005169536075981,0.003343246416846,C:\csttmp\huy_sf_safe_efield96_s\L1_short_dipole_x_1p2G_efield96.cst,1D Results\Probes\E-Field\E-Field (-0.144163 0.205058 4.24427)(X) [1],CST ResultTree 1D complex local Cartesian E-field probe,11,field_weighted_48,field_weighted,48,nearest_full96_cell_aggregation
L1_short_dipole_x_1p2G,1200000000,14,14,level1_local_sphere_r0p35,-0.144163462072,0.205057689897,4.24427083333,-0.41189560592,0.585879113993,0.697916666667,-0.81806243022,-0.57512942914,0.0,0.401392414087,-0.570939404424,0.716178976506,0.0320704250054,Ey,0.001718688299282,0.000478939161367,C:\csttmp\huy_sf_safe_efield96_s\L1_short_dipole_x_1p2G_efield96.cst,1D Results\Probes\E-Field\E-Field (-0.144163 0.205058 4.24427)(Y) [1],CST ResultTree 1D complex local Cartesian E-field probe,11,field_weighted_48,field_weighted,48,nearest_full96_cell_aggregation
L1_short_dipole_x_1p2G,1200000000,14,14,level1_local_sphere_r0p35,-0.144163462072,0.205057689897,4.24427083333,-0.41189560592,0.585879113993,0.697916666667,-0.81806243022,-0.57512942914,0.0,0.401392414087,-0.570939404424,0.716178976506,0.0320704250054,Ez,0.002097129567431,0.000547531396482,C:\csttmp\huy_sf_safe_efield96_s\L1_short_dipole_x_1p2G_efield96.cst,1D Results\Probes\E-Field\E-Field (-0.144163 0.205058 4.24427)(Z) [1],CST ResultTree 1D complex local Cartesian E-field probe,11,field_weighted_48,field_weighted,48,nearest_full96_cell_aggregation
L1_short_dipole_x_1p2G,1200000000,16,16,level1_local_sphere_r0p35,0.201936333078,0.170192155303,4.2296875,0.576960951652,0.486263300866,0.65625,-0.644446982884,0.764648995456,0.0,-0.501800903268,-0.422918332518,0.754543529228,0.0641408500108,Ex,0.004054012330742,0.002822115549902,C:\csttmp\huy_sf_safe_efield96_s\L1_short_dipole_x_1p2G_efield96.cst,1D Results\Probes\E-Field\E-Field (0.201936 0.170192 4.22969)(X) [1],CST ResultTree 1D complex local Cartesian E-field probe,12,field_weighted_48,field_weighted,48,nearest_full96_cell_aggregation
L1_short_dipole_x_1p2G,1200000000,16,16,level1_local_sphere_r0p35,0.201936333078,0.170192155303,4.2296875,0.576960951652,0.486263300866,0.65625,-0.644446982884,0.764648995456,0.0,-0.501800903268,-0.422918332518,0.754543529228,0.0641408500108,Ey,-0.002035093191628,-0.0006173875101816,C:\csttmp\huy_sf_safe_efield96_s\L1_short_dipole_x_1p2G_efield96.cst,1D Results\Probes\E-Field\E-Field (0.201936 0.170192 4.22969)(Y) [1],CST ResultTree 1D complex local Cartesian E-field probe,12,field_weighted_48,field_weighted,48,nearest_full96_cell_aggregation
L1_short_dipole_x_1p2G,1200000000,16,16,level1_local_sphere_r0p35,0.201936333078,0.170192155303,4.2296875,0.576960951652,0.486263300866,0.65625,-0.644446982884,0.764648995456,0.0,-0.501800903268,-0.422918332518,0.754543529228,0.0641408500108,Ez,-0.002780100229215,-0.0007728088857892,C:\csttmp\huy_sf_safe_efield96_s\L1_short_dipole_x_1p2G_efield96.cst,1D Results\Probes\E-Field\E-Field (0.201936 0.170192 4.22969)(Z) [1],CST ResultTree 1D complex local Cartesian E-field probe,12,field_weighted_48,field_weighted,48,nearest_full96_cell_aggregation
L1_short_dipole_x_1p2G,1200000000,31,31,level1_local_sphere_r0p35,0.177757907471,-0.276454388056,4.1203125,0.507879735632,-0.789869680159,0.34375,0.84112694688,0.540837738358,-0.0,-0.185912972561,0.28913738799,0.939061200082,0.0320704250054,Ex,0.004336369461503,0.002896246814905,C:\csttmp\huy_sf_safe_efield96_s\L1_short_dipole_x_1p2G_efield96.cst,1D Results\Probes\E-Field\E-Field (0.177758 -0.276454 4.12031)(X) [1],CST ResultTree 1D complex local Cartesian E-field probe,13,field_weighted_48,field_weighted,48,nearest_full96_cell_aggregation
L1_short_dipole_x_1p2G,1200000000,31,31,level1_local_sphere_r0p35,0.177757907471,-0.276454388056,4.1203125,0.507879735632,-0.789869680159,0.34375,0.84112694688,0.540837738358,-0.0,-0.185912972561,0.28913738799,0.939061200082,0.0320704250054,Ey,0.002999991891906,0.00085733145148,C:\csttmp\huy_sf_safe_efield96_s\L1_short_dipole_x_1p2G_efield96.cst,1D Results\Probes\E-Field\E-Field (0.177758 -0.276454 4.12031)(Y) [1],CST ResultTree 1D complex local Cartesian E-field probe,13,field_weighted_48,field_weighted,48,nearest_full96_cell_aggregation
L1_short_dipole_x_1p2G,1200000000,31,31,level1_local_sphere_r0p35,0.177757907471,-0.276454388056,4.1203125,0.507879735632,-0.789869680159,0.34375,0.84112694688,0.540837738358,-0.0,-0.185912972561,0.28913738799,0.939061200082,0.0320704250054,Ez,-0.001288259517523,-0.0003654399968773,C:\csttmp\huy_sf_safe_efield96_s\L1_short_dipole_x_1p2G_efield96.cst,1D Results\Probes\E-Field\E-Field (0.177758 -0.276454 4.12031)(Z) [1],CST ResultTree 1D complex local Cartesian E-field probe,13,field_weighted_48,field_weighted,48,nearest_full96_cell_aggregation
L1_short_dipole_x_1p2G,1200000000,84,84,level1_local_sphere_r0p35,0.195543298908,0.115884484084,3.73385416667,0.558695139737,0.331098525955,-0.760416666667,-0.509825096378,0.860278077776,0.0,0.654169788309,0.387679500371,0.649435518782,0.0320704250054,Ex,0.004030842216499,0.002884905709576,C:\csttmp\huy_sf_safe_efield96_s\L1_short_dipole_x_1p2G_efield96.cst,1D Results\Probes\E-Field\E-Field (0.195543 0.115884 3.73385)(X) [1],CST ResultTree 1D complex local Cartesian E-field probe,14,field_weighted_48,field_weighted,48,nearest_full96_cell_aggregation
L1_short_dipole_x_1p2G,1200000000,84,84,level1_local_sphere_r0p35,0.195543298908,0.115884484084,3.73385416667,0.558695139737,0.331098525955,-0.760416666667,-0.509825096378,0.860278077776,0.0,0.654169788309,0.387679500371,0.649435518782,0.0320704250054,Ey,-0.001371934011382,-0.0004010633392646,C:\csttmp\huy_sf_safe_efield96_s\L1_short_dipole_x_1p2G_efield96.cst,1D Results\Probes\E-Field\E-Field (0.195543 0.115884 3.73385)(Y) [1],CST ResultTree 1D complex local Cartesian E-field probe,14,field_weighted_48,field_weighted,48,nearest_full96_cell_aggregation
L1_short_dipole_x_1p2G,1200000000,84,84,level1_local_sphere_r0p35,0.195543298908,0.115884484084,3.73385416667,0.558695139737,0.331098525955,-0.760416666667,-0.509825096378,0.860278077776,0.0,0.654169788309,0.387679500371,0.649435518782,0.0320704250054,Ez,0.003158228864025,0.0008811789766626,C:\csttmp\huy_sf_safe_efield96_s\L1_short_dipole_x_1p2G_efield96.cst,1D Results\Probes\E-Field\E-Field (0.195543 0.115884 3.73385)(Z) [1],CST ResultTree 1D complex local Cartesian E-field probe,14,field_weighted_48,field_weighted,48,nearest_full96_cell_aggregation
L1_short_dipole_x_1p2G,1200000000,67,67,level1_local_sphere_r0p35,-0.268159444272,-0.174279164823,3.8578125,-0.766169840778,-0.497940470922,-0.40625,0.544934553379,-0.838478582036,0.0,-0.340631923952,-0.22137966231,0.913761969826,0.0160352125027,Ex,0.002279962070183,0.002187476643709,C:\csttmp\huy_sf_safe_efield96_s\L1_short_dipole_x_1p2G_efield96.cst,1D Results\Probes\E-Field\E-Field (-0.268159 -0.174279 3.85781)(X) [1],CST ResultTree 1D complex local Cartesian E-field probe,15,field_weighted_48,field_weighted,48,nearest_full96_cell_aggregation
L1_short_dipole_x_1p2G,1200000000,67,67,level1_local_sphere_r0p35,-0.268159444272,-0.174279164823,3.8578125,-0.766169840778,-0.497940470922,-0.40625,0.544934553379,-0.838478582036,0.0,-0.340631923952,-0.22137966231,0.913761969826,0.0160352125027,Ey,-0.002673352316439,-0.0007839604062327,C:\csttmp\huy_sf_safe_efield96_s\L1_short_dipole_x_1p2G_efield96.cst,1D Results\Probes\E-Field\E-Field (-0.268159 -0.174279 3.85781)(Y) [1],CST ResultTree 1D complex local Cartesian E-field probe,15,field_weighted_48,field_weighted,48,nearest_full96_cell_aggregation
L1_short_dipole_x_1p2G,1200000000,67,67,level1_local_sphere_r0p35,-0.268159444272,-0.174279164823,3.8578125,-0.766169840778,-0.497940470922,-0.40625,0.544934553379,-0.838478582036,0.0,-0.340631923952,-0.22137966231,0.913761969826,0.0160352125027,Ez,-0.002218331045105,-0.0006746739529704,C:\csttmp\huy_sf_safe_efield96_s\L1_short_dipole_x_1p2G_efield96.cst,1D Results\Probes\E-Field\E-Field (-0.268159 -0.174279 3.85781)(Z) [1],CST ResultTree 1D complex local Cartesian E-field probe,15,field_weighted_48,field_weighted,48,nearest_full96_cell_aggregation
L1_short_dipole_x_1p2G,1200000000,86,86,level1_local_sphere_r0p35,0.121878573984,-0.169813863351,3.71927083333,0.348224497096,-0.485182466718,-0.802083333333,0.812412279642,0.583083431326,-0.0,0.467681502209,-0.651622349296,0.597212128468,0.0320704250054,Ex,0.005460962288968,0.00332058373407,C:\csttmp\huy_sf_safe_efield96_s\L1_short_dipole_x_1p2G_efield96.cst,1D Results\Probes\E-Field\E-Field (0.121879 -0.169814 3.71927)(X) [1],CST ResultTree 1D complex local Cartesian E-field probe,16,field_weighted_48,field_weighted,48,nearest_full96_cell_aggregation
L1_short_dipole_x_1p2G,1200000000,86,86,level1_local_sphere_r0p35,0.121878573984,-0.169813863351,3.71927083333,0.348224497096,-0.485182466718,-0.802083333333,0.812412279642,0.583083431326,-0.0,0.467681502209,-0.651622349296,0.597212128468,0.0320704250054,Ey,0.001174409014395,0.0003302942874869,C:\csttmp\huy_sf_safe_efield96_s\L1_short_dipole_x_1p2G_efield96.cst,1D Results\Probes\E-Field\E-Field (0.121879 -0.169814 3.71927)(Y) [1],CST ResultTree 1D complex local Cartesian E-field probe,16,field_weighted_48,field_weighted,48,nearest_full96_cell_aggregation
L1_short_dipole_x_1p2G,1200000000,86,86,level1_local_sphere_r0p35,0.121878573984,-0.169813863351,3.71927083333,0.348224497096,-0.485182466718,-0.802083333333,0.812412279642,0.583083431326,-0.0,0.467681502209,-0.651622349296,0.597212128468,0.0320704250054,Ez,0.002040268172913,0.0005432454209355,C:\csttmp\huy_sf_safe_efield96_s\L1_short_dipole_x_1p2G_efield96.cst,1D Results\Probes\E-Field\E-Field (0.121879 -0.169814 3.71927)(Z) [1],CST ResultTree 1D complex local Cartesian E-field probe,16,field_weighted_48,field_weighted,48,nearest_full96_cell_aggregation
L1_short_dipole_x_1p2G,1200000000,4,4,level1_local_sphere_r0p35,-0.145697968509,-0.0257719191415,4.3171875,-0.416279910024,-0.0736340546901,0.90625,0.0,-0.996715361819,-0.0809844893381,0.909236512966,-0.033712215935,0.414912581138,0.0320704250054,Ex,0.005154270029852,0.003243549694614,C:\csttmp\huy_sf_safe_efield96_s\L1_short_dipole_x_1p2G_efield96.cst,1D Results\Probes\E-Field\E-Field (-0.145698 -0.0257719 4.31719)(X) [1],CST ResultTree 1D complex local Cartesian E-field probe,17,field_weighted_48,field_weighted,48,nearest_full96_cell_aggregation
L1_short_dipole_x_1p2G,1200000000,4,4,level1_local_sphere_r0p35,-0.145697968509,-0.0257719191415,4.3171875,-0.416279910024,-0.0736340546901,0.90625,0.0,-0.996715361819,-0.0809844893381,0.909236512966,-0.033712215935,0.414912581138,0.0320704250054,Ey,-0.0002534312091246,-5.709690962816e-05,C:\csttmp\huy_sf_safe_efield96_s\L1_short_dipole_x_1p2G_efield96.cst,1D Results\Probes\E-Field\E-Field (-0.145698 -0.0257719 4.31719)(Y) [1],CST ResultTree 1D complex local Cartesian E-field probe,17,field_weighted_48,field_weighted,48,nearest_full96_cell_aggregation
L1_short_dipole_x_1p2G,1200000000,4,4,level1_local_sphere_r0p35,-0.145697968509,-0.0257719191415,4.3171875,-0.416279910024,-0.0736340546901,0.90625,0.0,-0.996715361819,-0.0809844893381,0.909236512966,-0.033712215935,0.414912581138,0.0320704250054,Ez,0.002731450174892,0.0007962679023737,C:\csttmp\huy_sf_safe_efield96_s\L1_short_dipole_x_1p2G_efield96.cst,1D Results\Probes\E-Field\E-Field (-0.145698 -0.0257719 4.31719)(Z) [1],CST ResultTree 1D complex local Cartesian E-field probe,17,field_weighted_48,field_weighted,48,nearest_full96_cell_aggregation
L1_short_dipole_x_1p2G,1200000000,45,45,level1_local_sphere_r0p35,0.131785818659,0.323728583049,4.01822916667,0.376530910455,0.924938808712,0.0520833333333,-0.926195895389,0.377042654569,0.0,-0.0196376382588,-0.0482393695515,0.99864274212,0.0320704250054,Ex,0.005392540339958,0.003379554605206,C:\csttmp\huy_sf_safe_efield96_s\L1_short_dipole_x_1p2G_efield96.cst,1D Results\Probes\E-Field\E-Field (0.131786 0.323729 4.01823)(X) [1],CST ResultTree 1D complex local Cartesian E-field probe,18,field_weighted_48,field_weighted,48,nearest_full96_cell_aggregation
L1_short_dipole_x_1p2G,1200000000,45,45,level1_local_sphere_r0p35,0.131785818659,0.323728583049,4.01822916667,0.376530910455,0.924938808712,0.0520833333333,-0.926195895389,0.377042654569,0.0,-0.0196376382588,-0.0482393695515,0.99864274212,0.0320704250054,Ey,-0.002508770284435,-0.000742933434403,C:\csttmp\huy_sf_safe_efield96_s\L1_short_dipole_x_1p2G_efield96.cst,1D Results\Probes\E-Field\E-Field (0.131786 0.323729 4.01823)(Y) [1],CST ResultTree 1D complex local Cartesian E-field probe,18,field_weighted_48,field_weighted,48,nearest_full96_cell_aggregation
L1_short_dipole_x_1p2G,1200000000,45,45,level1_local_sphere_r0p35,0.131785818659,0.323728583049,4.01822916667,0.376530910455,0.924938808712,0.0520833333333,-0.926195895389,0.377042654569,0.0,-0.0196376382588,-0.0482393695515,0.99864274212,0.0320704250054,Ez,-0.0001546521090295,-3.513098822257e-05,C:\csttmp\huy_sf_safe_efield96_s\L1_short_dipole_x_1p2G_efield96.cst,1D Results\Probes\E-Field\E-Field (0.131786 0.323729 4.01823)(Z) [1],CST ResultTree 1D complex local Cartesian E-field probe,18,field_weighted_48,field_weighted,48,nearest_full96_cell_aggregation
L1_short_dipole_x_1p2G,1200000000,13,13,level1_local_sphere_r0p35,0.237668202016,-0.0522506875014,4.2515625,0.679052005759,-0.149287678576,0.71875,0.214719429041,0.976675773628,-0.0,-0.701985712295,0.154329589623,0.695268608165,0.0481056375081,Ex,0.003017863238159,0.002716322447533,C:\csttmp\huy_sf_safe_efield96_s\L1_short_dipole_x_1p2G_efield96.cst,1D Results\Probes\E-Field\E-Field (0.237668 -0.0522507 4.25156)(X) [1],CST ResultTree 1D complex local Cartesian E-field probe,19,field_weighted_48,field_weighted,48,nearest_full96_cell_aggregation
L1_short_dipole_x_1p2G,1200000000,13,13,level1_local_sphere_r0p35,0.237668202016,-0.0522506875014,4.2515625,0.679052005759,-0.149287678576,0.71875,0.214719429041,0.976675773628,-0.0,-0.701985712295,0.154329589623,0.695268608165,0.0481056375081,Ey,0.0007602253845635,0.0002135374226069,C:\csttmp\huy_sf_safe_efield96_s\L1_short_dipole_x_1p2G_efield96.cst,1D Results\Probes\E-Field\E-Field (0.237668 -0.0522507 4.25156)(Y) [1],CST ResultTree 1D complex local Cartesian E-field probe,19,field_weighted_48,field_weighted,48,nearest_full96_cell_aggregation
L1_short_dipole_x_1p2G,1200000000,13,13,level1_local_sphere_r0p35,0.237668202016,-0.0522506875014,4.2515625,0.679052005759,-0.149287678576,0.71875,0.214719429041,0.976675773628,-0.0,-0.701985712295,0.154329589623,0.695268608165,0.0481056375081,Ez,-0.003538167682018,-0.001030831565533,C:\csttmp\huy_sf_safe_efield96_s\L1_short_dipole_x_1p2G_efield96.cst,1D Results\Probes\E-Field\E-Field (0.237668 -0.0522507 4.25156)(Z) [1],CST ResultTree 1D complex local Cartesian E-field probe,19,field_weighted_48,field_weighted,48,nearest_full96_cell_aggregation
L1_short_dipole_x_1p2G,1200000000,65,65,level1_local_sphere_r0p35,0.15302878807,-0.287748790912,3.87239583333,0.437225108772,-0.822139402605,-0.364583333333,0.882909380062,0.469543423549,-0.0,0.171187706502,-0.321894044814,0.931170764713,0.0320704250054,Ex,0.004847211247993,0.002991404382448,C:\csttmp\huy_sf_safe_efield96_s\L1_short_dipole_x_1p2G_efield96.cst,1D Results\Probes\E-Field\E-Field (0.153029 -0.287749 3.8724)(X) [1],CST ResultTree 1D complex local Cartesian E-field probe,20,field_weighted_48,field_weighted,48,nearest_full96_cell_aggregation
L1_short_dipole_x_1p2G,1200000000,65,65,level1_local_sphere_r0p35,0.15302878807,-0.287748790912,3.87239583333,0.437225108772,-0.822139402605,-0.364583333333,0.882909380062,0.469543423549,-0.0,0.171187706502,-0.321894044814,0.931170764713,0.0320704250054,Ey,0.002664217237017,0.0007546194990353,C:\csttmp\huy_sf_safe_efield96_s\L1_short_dipole_x_1p2G_efield96.cst,1D Results\Probes\E-Field\E-Field (0.153029 -0.287749 3.8724)(Y) [1],CST ResultTree 1D complex local Cartesian E-field probe,20,field_weighted_48,field_weighted,48,nearest_full96_cell_aggregation
L1_short_dipole_x_1p2G,1200000000,65,65,level1_local_sphere_r0p35,0.15302878807,-0.287748790912,3.87239583333,0.437225108772,-0.822139402605,-0.364583333333,0.882909380062,0.469543423549,-0.0,0.171187706502,-0.321894044814,0.931170764713,0.0320704250054,Ez,0.001171806729917,0.0003239698438592,C:\csttmp\huy_sf_safe_efield96_s\L1_short_dipole_x_1p2G_efield96.cst,1D Results\Probes\E-Field\E-Field (0.153029 -0.287749 3.8724)(Z) [1],CST ResultTree 1D complex local Cartesian E-field probe,20,field_weighted_48,field_weighted,48,nearest_full96_cell_aggregation
L1_short_dipole_x_1p2G,1200000000,85,85,level1_local_sphere_r0p35,-0.213828128194,0.0448270586439,3.7265625,-0.610937509127,0.128077310411,-0.78125,-0.205180332571,-0.97872418542,0.0,-0.764628269859,0.160297134821,0.624218261107,0.0320704250054,Ex,0.003634354650497,0.002976062907471,C:\csttmp\huy_sf_safe_efield96_s\L1_short_dipole_x_1p2G_efield96.cst,1D Results\Probes\E-Field\E-Field (-0.213828 0.0448271 3.72656)(X) [1],CST ResultTree 1D complex local Cartesian E-field probe,21,field_weighted_48,field_weighted,48,nearest_full96_cell_aggregation
L1_short_dipole_x_1p2G,1200000000,85,85,level1_local_sphere_r0p35,-0.213828128194,0.0448270586439,3.7265625,-0.610937509127,0.128077310411,-0.78125,-0.205180332571,-0.97872418542,0.0,-0.764628269859,0.160297134821,0.624218261107,0.0320704250054,Ey,0.0005889727289839,0.0001623901814976,C:\csttmp\huy_sf_safe_efield96_s\L1_short_dipole_x_1p2G_efield96.cst,1D Results\Probes\E-Field\E-Field (-0.213828 0.0448271 3.72656)(Y) [1],CST ResultTree 1D complex local Cartesian E-field probe,21,field_weighted_48,field_weighted,48,nearest_full96_cell_aggregation
L1_short_dipole_x_1p2G,1200000000,85,85,level1_local_sphere_r0p35,-0.213828128194,0.0448270586439,3.7265625,-0.610937509127,0.128077310411,-0.78125,-0.205180332571,-0.97872418542,0.0,-0.764628269859,0.160297134821,0.624218261107,0.0320704250054,Ez,-0.003534497519834,-0.00103700570905,C:\csttmp\huy_sf_safe_efield96_s\L1_short_dipole_x_1p2G_efield96.cst,1D Results\Probes\E-Field\E-Field (-0.213828 0.0448271 3.72656)(Z) [1],CST ResultTree 1D complex local Cartesian E-field probe,21,field_weighted_48,field_weighted,48,nearest_full96_cell_aggregation
L1_short_dipole_x_1p2G,1200000000,35,35,level1_local_sphere_r0p35,-0.229477015439,0.248057929627,4.09114583333,-0.655648615541,0.708736941793,0.260416666667,-0.734064875349,-0.679079346453,0.0,0.176843579805,-0.191162727955,0.965496328176,0.0320704250054,Ex,0.003220734414901,0.002671123386586,C:\csttmp\huy_sf_safe_efield96_s\L1_short_dipole_x_1p2G_efield96.cst,1D Results\Probes\E-Field\E-Field (-0.229477 0.248058 4.09115)(X) [1],CST ResultTree 1D complex local Cartesian E-field probe,22,field_weighted_48,field_weighted,48,nearest_full96_cell_aggregation
L1_short_dipole_x_1p2G,1200000000,35,35,level1_local_sphere_r0p35,-0.229477015439,0.248057929627,4.09114583333,-0.655648615541,0.708736941793,0.260416666667,-0.734064875349,-0.679079346453,0.0,0.176843579805,-0.191162727955,0.965496328176,0.0320704250054,Ey,0.003378975687107,0.0009672111965586,C:\csttmp\huy_sf_safe_efield96_s\L1_short_dipole_x_1p2G_efield96.cst,1D Results\Probes\E-Field\E-Field (-0.229477 0.248058 4.09115)(Y) [1],CST ResultTree 1D complex local Cartesian E-field probe,22,field_weighted_48,field_weighted,48,nearest_full96_cell_aggregation
L1_short_dipole_x_1p2G,1200000000,35,35,level1_local_sphere_r0p35,-0.229477015439,0.248057929627,4.09114583333,-0.655648615541,0.708736941793,0.260416666667,-0.734064875349,-0.679079346453,0.0,0.176843579805,-0.191162727955,0.965496328176,0.0320704250054,Ez,0.001261692646779,0.0003743436200567,C:\csttmp\huy_sf_safe_efield96_s\L1_short_dipole_x_1p2G_efield96.cst,1D Results\Probes\E-Field\E-Field (-0.229477 0.248058 4.09115)(Z) [1],CST ResultTree 1D complex local Cartesian E-field probe,22,field_weighted_48,field_weighted,48,nearest_full96_cell_aggregation
L1_short_dipole_x_1p2G,1200000000,69,69,level1_local_sphere_r0p35,-0.192810395297,0.2464691812,3.84322916667,-0.550886843705,0.704197660572,-0.447916666667,-0.787626783557,-0.616152618937,0.0,-0.275985027232,0.352791163468,0.894075309872,0.0320704250054,Ex,0.004161651976866,0.002888102983492,C:\csttmp\huy_sf_safe_efield96_s\L1_short_dipole_x_1p2G_efield96.cst,1D Results\Probes\E-Field\E-Field (-0.19281 0.246469 3.84323)(X) [1],CST ResultTree 1D complex local Cartesian E-field probe,23,field_weighted_48,field_weighted,48,nearest_full96_cell_aggregation
L1_short_dipole_x_1p2G,1200000000,69,69,level1_local_sphere_r0p35,-0.192810395297,0.2464691812,3.84322916667,-0.550886843705,0.704197660572,-0.447916666667,-0.787626783557,-0.616152618937,0.0,-0.275985027232,0.352791163468,0.894075309872,0.0320704250054,Ey,0.002864629828466,0.0007745293796451,C:\csttmp\huy_sf_safe_efield96_s\L1_short_dipole_x_1p2G_efield96.cst,1D Results\Probes\E-Field\E-Field (-0.19281 0.246469 3.84323)(Y) [1],CST ResultTree 1D complex local Cartesian E-field probe,23,field_weighted_48,field_weighted,48,nearest_full96_cell_aggregation
