sample_id,frequency_hz,sensor_id,node_id,prior_id,x_m,y_m,z_m,normal_x,normal_y,normal_z,tangent1_x,tangent1_y,tangent1_z,tangent2_x,tangent2_y,tangent2_z,weight_m2,polarization,h_real,h_imag,cst_project,cst_probe_item,extraction_method,selection_order,layout_candidate,layout_method,layout_sensor_count,weighting_model
L1_short_dipole_x_1p2G,1200000000,55,55,level1_local_sphere_r0p35,0.345250131755,0.0176528713454,3.9453125,0.986428947872,0.0504367752725,-0.15625,-0.0510639664318,0.998695384656,0.0,0.156046153852,0.00797874475497,0.98771753933,0.0160352125027,Hx,6.448624340931e-12,-3.6751128471270005e-11,C:\csttmp\huy_sf_safe_hfield96_s\L1_short_dipole_x_1p2G_hfield96.cst,1D Results\Probes\H-Field\H-Field (0.34525 0.0176529 3.94531)(X) [1],CST ResultTree 1D complex local Cartesian H-field probe,0,geometric_farthest_72,geometric_farthest,72,nearest_full96_cell_aggregation
L1_short_dipole_x_1p2G,1200000000,55,55,level1_local_sphere_r0p35,0.345250131755,0.0176528713454,3.9453125,0.986428947872,0.0504367752725,-0.15625,-0.0510639664318,0.998695384656,0.0,0.156046153852,0.00797874475497,0.98771753933,0.0160352125027,Hy,-2.91383296139e-06,-1.504472085143e-06,C:\csttmp\huy_sf_safe_hfield96_s\L1_short_dipole_x_1p2G_hfield96.cst,1D Results\Probes\H-Field\H-Field (0.34525 0.0176529 3.94531)(Y) [1],CST ResultTree 1D complex local Cartesian H-field probe,0,geometric_farthest_72,geometric_farthest,72,nearest_full96_cell_aggregation
L1_short_dipole_x_1p2G,1200000000,55,55,level1_local_sphere_r0p35,0.345250131755,0.0176528713454,3.9453125,0.986428947872,0.0504367752725,-0.15625,-0.0510639664318,0.998695384656,0.0,0.156046153852,0.00797874475497,0.98771753933,0.0160352125027,Hz,-8.647464209227e-07,-5.29010289475e-07,C:\csttmp\huy_sf_safe_hfield96_s\L1_short_dipole_x_1p2G_hfield96.cst,1D Results\Probes\H-Field\H-Field (0.34525 0.0176529 3.94531)(Z) [1],CST ResultTree 1D complex local Cartesian H-field probe,0,geometric_farthest_72,geometric_farthest,72,nearest_full96_cell_aggregation
L1_short_dipole_x_1p2G,1200000000,38,38,level1_local_sphere_r0p35,-0.341612586807,-0.0316605777627,4.06927083333,-0.976035962306,-0.0904587936076,0.197916666667,0.0922842828896,-0.995732700644,0.0,0.197072097002,0.0182645976552,0.980218849572,0.0160352125027,Hx,7.0453417231e-12,-2.1502886461730003e-11,C:\csttmp\huy_sf_safe_hfield96_s\L1_short_dipole_x_1p2G_hfield96.cst,1D Results\Probes\H-Field\H-Field (-0.341613 -0.0316606 4.06927)(X) [1],CST ResultTree 1D complex local Cartesian H-field probe,1,geometric_farthest_72,geometric_farthest,72,nearest_full96_cell_aggregation
L1_short_dipole_x_1p2G,1200000000,38,38,level1_local_sphere_r0p35,-0.341612586807,-0.0316605777627,4.06927083333,-0.976035962306,-0.0904587936076,0.197916666667,0.0922842828896,-0.995732700644,0.0,0.197072097002,0.0182645976552,0.980218849572,0.0160352125027,Hy,3.674609642084e-06,1.822289764369e-06,C:\csttmp\huy_sf_safe_hfield96_s\L1_short_dipole_x_1p2G_hfield96.cst,1D Results\Probes\H-Field\H-Field (-0.341613 -0.0316606 4.06927)(Y) [1],CST ResultTree 1D complex local Cartesian H-field probe,1,geometric_farthest_72,geometric_farthest,72,nearest_full96_cell_aggregation
L1_short_dipole_x_1p2G,1200000000,38,38,level1_local_sphere_r0p35,-0.341612586807,-0.0316605777627,4.06927083333,-0.976035962306,-0.0904587936076,0.197916666667,0.0922842828896,-0.995732700644,0.0,0.197072097002,0.0182645976552,0.980218849572,0.0160352125027,Hz,1.873485107313e-06,8.328470242554e-07,C:\csttmp\huy_sf_safe_hfield96_s\L1_short_dipole_x_1p2G_hfield96.cst,1D Results\Probes\H-Field\H-Field (-0.341613 -0.0316606 4.06927)(Z) [1],CST ResultTree 1D complex local Cartesian H-field probe,1,geometric_farthest_72,geometric_farthest,72,nearest_full96_cell_aggregation
L1_short_dipole_x_1p2G,1200000000,74,74,level1_local_sphere_r0p35,-0.0283481783019,0.290445984541,3.80677083333,-0.0809947951483,0.829845670119,-0.552083333333,-0.995270664245,-0.0971406449059,0.0,-0.0536297310418,0.549472345885,0.833788937955,0.0320704250054,Hx,-4.810812349256e-12,2.633989562292e-12,C:\csttmp\huy_sf_safe_hfield96_s\L1_short_dipole_x_1p2G_hfield96.cst,1D Results\Probes\H-Field\H-Field (-0.0283482 0.290446 3.80677)(X) [1],CST ResultTree 1D complex local Cartesian H-field probe,2,geometric_farthest_72,geometric_farthest,72,nearest_full96_cell_aggregation
L1_short_dipole_x_1p2G,1200000000,74,74,level1_local_sphere_r0p35,-0.0283481783019,0.290445984541,3.80677083333,-0.0809947951483,0.829845670119,-0.552083333333,-0.995270664245,-0.0971406449059,0.0,-0.0536297310418,0.549472345885,0.833788937955,0.0320704250054,Hy,-9.002906303471e-06,-5.122263057832e-06,C:\csttmp\huy_sf_safe_hfield96_s\L1_short_dipole_x_1p2G_hfield96.cst,1D Results\Probes\H-Field\H-Field (-0.0283482 0.290446 3.80677)(Y) [1],CST ResultTree 1D complex local Cartesian H-field probe,2,geometric_farthest_72,geometric_farthest,72,nearest_full96_cell_aggregation
L1_short_dipole_x_1p2G,1200000000,74,74,level1_local_sphere_r0p35,-0.0283481783019,0.290445984541,3.80677083333,-0.0809947951483,0.829845670119,-0.552083333333,-0.995270664245,-0.0971406449059,0.0,-0.0536297310418,0.549472345885,0.833788937955,0.0320704250054,Hz,-1.471543462717e-05,-7.887746631779e-06,C:\csttmp\huy_sf_safe_hfield96_s\L1_short_dipole_x_1p2G_hfield96.cst,1D Results\Probes\H-Field\H-Field (-0.0283482 0.290446 3.80677)(Z) [1],CST ResultTree 1D complex local Cartesian H-field probe,2,geometric_farthest_72,geometric_farthest,72,nearest_full96_cell_aggregation
L1_short_dipole_x_1p2G,1200000000,70,70,level1_local_sphere_r0p35,-0.0240229506746,-0.308231072306,3.8359375,-0.0686370019275,-0.880660206587,-0.46875,0.996976591612,-0.0777024824425,0.0,-0.0364230386449,-0.467332777318,0.883330876569,0.0160352125027,Hx,-3.440308623937e-12,1.416148276793e-12,C:\csttmp\huy_sf_safe_hfield96_s\L1_short_dipole_x_1p2G_hfield96.cst,1D Results\Probes\H-Field\H-Field (-0.024023 -0.308231 3.83594)(X) [1],CST ResultTree 1D complex local Cartesian H-field probe,3,geometric_farthest_72,geometric_farthest,72,nearest_full96_cell_aggregation
L1_short_dipole_x_1p2G,1200000000,70,70,level1_local_sphere_r0p35,-0.0240229506746,-0.308231072306,3.8359375,-0.0686370019275,-0.880660206587,-0.46875,0.996976591612,-0.0777024824425,0.0,-0.0364230386449,-0.467332777318,0.883330876569,0.0160352125027,Hy,-7.842455875681e-06,-4.378450875372e-06,C:\csttmp\huy_sf_safe_hfield96_s\L1_short_dipole_x_1p2G_hfield96.cst,1D Results\Probes\H-Field\H-Field (-0.024023 -0.308231 3.83594)(Y) [1],CST ResultTree 1D complex local Cartesian H-field probe,3,geometric_farthest_72,geometric_farthest,72,nearest_full96_cell_aggregation
L1_short_dipole_x_1p2G,1200000000,70,70,level1_local_sphere_r0p35,-0.0240229506746,-0.308231072306,3.8359375,-0.0686370019275,-0.880660206587,-0.46875,0.996976591612,-0.0777024824425,0.0,-0.0364230386449,-0.467332777318,0.883330876569,0.0160352125027,Hz,1.55257422734e-05,8.374801165119e-06,C:\csttmp\huy_sf_safe_hfield96_s\L1_short_dipole_x_1p2G_hfield96.cst,1D Results\Probes\H-Field\H-Field (-0.024023 -0.308231 3.83594)(Z) [1],CST ResultTree 1D complex local Cartesian H-field probe,3,geometric_farthest_72,geometric_farthest,72,nearest_full96_cell_aggregation
L1_short_dipole_x_1p2G,1200000000,0,0,level1_local_sphere_r0p35,0.050386419129,0.0,4.34635416667,0.143961197511,0.0,0.989583333333,0.0,-1.0,0.0,0.989583333333,0.0,-0.143961197511,0.0320704250054,Hx,5.39506762849e-13,1.8276006824550002e-11,C:\csttmp\huy_sf_safe_hfield96_s\L1_short_dipole_x_1p2G_hfield96.cst,1D Results\Probes\H-Field\H-Field (0.0503864 0 4.34635)(X) [1],CST ResultTree 1D complex local Cartesian H-field probe,4,geometric_farthest_72,geometric_farthest,72,nearest_full96_cell_aggregation
L1_short_dipole_x_1p2G,1200000000,0,0,level1_local_sphere_r0p35,0.050386419129,0.0,4.34635416667,0.143961197511,0.0,0.989583333333,0.0,-1.0,0.0,0.989583333333,0.0,-0.143961197511,0.0320704250054,Hy,1.625745067336e-05,1.128090851063e-05,C:\csttmp\huy_sf_safe_hfield96_s\L1_short_dipole_x_1p2G_hfield96.cst,1D Results\Probes\H-Field\H-Field (0.0503864 0 4.34635)(Y) [1],CST ResultTree 1D complex local Cartesian H-field probe,4,geometric_farthest_72,geometric_farthest,72,nearest_full96_cell_aggregation
L1_short_dipole_x_1p2G,1200000000,0,0,level1_local_sphere_r0p35,0.050386419129,0.0,4.34635416667,0.143961197511,0.0,0.989583333333,0.0,-1.0,0.0,0.989583333333,0.0,-0.143961197511,0.0320704250054,Hz,3.048544512796e-07,-8.794245824097e-08,C:\csttmp\huy_sf_safe_hfield96_s\L1_short_dipole_x_1p2G_hfield96.cst,1D Results\Probes\H-Field\H-Field (0.0503864 0 4.34635)(Z) [1],CST ResultTree 1D complex local Cartesian H-field probe,4,geometric_farthest_72,geometric_farthest,72,nearest_full96_cell_aggregation
L1_short_dipole_x_1p2G,1200000000,27,27,level1_local_sphere_r0p35,-0.122178408413,0.291939060851,4.14947916667,-0.349081166895,0.83411160243,0.427083333333,-0.922473219561,-0.386061082204,0.0,0.164880253858,-0.393972937521,0.904212268435,0.0160352125027,Hx,8.557666662313e-12,-1.467588525942e-11,C:\csttmp\huy_sf_safe_hfield96_s\L1_short_dipole_x_1p2G_hfield96.cst,1D Results\Probes\H-Field\H-Field (-0.122178 0.291939 4.14948)(X) [1],CST ResultTree 1D complex local Cartesian H-field probe,5,geometric_farthest_72,geometric_farthest,72,nearest_full96_cell_aggregation
L1_short_dipole_x_1p2G,1200000000,27,27,level1_local_sphere_r0p35,-0.122178408413,0.291939060851,4.14947916667,-0.349081166895,0.83411160243,0.427083333333,-0.922473219561,-0.386061082204,0.0,0.164880253858,-0.393972937521,0.904212268435,0.0160352125027,Hy,7.154274282986e-06,4.177387613637e-06,C:\csttmp\huy_sf_safe_hfield96_s\L1_short_dipole_x_1p2G_hfield96.cst,1D Results\Probes\H-Field\H-Field (-0.122178 0.291939 4.14948)(Y) [1],CST ResultTree 1D complex local Cartesian H-field probe,5,geometric_farthest_72,geometric_farthest,72,nearest_full96_cell_aggregation
L1_short_dipole_x_1p2G,1200000000,27,27,level1_local_sphere_r0p35,-0.122178408413,0.291939060851,4.14947916667,-0.349081166895,0.83411160243,0.427083333333,-0.922473219561,-0.386061082204,0.0,0.164880253858,-0.393972937521,0.904212268435,0.0160352125027,Hz,-1.467138919789e-05,-7.924014233637e-06,C:\csttmp\huy_sf_safe_hfield96_s\L1_short_dipole_x_1p2G_hfield96.cst,1D Results\Probes\H-Field\H-Field (-0.122178 0.291939 4.14948)(Z) [1],CST ResultTree 1D complex local Cartesian H-field probe,5,geometric_farthest_72,geometric_farthest,72,nearest_full96_cell_aggregation
L1_short_dipole_x_1p2G,1200000000,31,31,level1_local_sphere_r0p35,0.177757907471,-0.276454388056,4.1203125,0.507879735632,-0.789869680159,0.34375,0.84112694688,0.540837738358,-0.0,-0.185912972561,0.28913738799,0.939061200082,0.0160352125027,Hx,-2.913825393646e-12,2.090947457989e-11,C:\csttmp\huy_sf_safe_hfield96_s\L1_short_dipole_x_1p2G_hfield96.cst,1D Results\Probes\H-Field\H-Field (0.177758 -0.276454 4.12031)(X) [1],CST ResultTree 1D complex local Cartesian H-field probe,6,geometric_farthest_72,geometric_farthest,72,nearest_full96_cell_aggregation
L1_short_dipole_x_1p2G,1200000000,31,31,level1_local_sphere_r0p35,0.177757907471,-0.276454388056,4.1203125,0.507879735632,-0.789869680159,0.34375,0.84112694688,0.540837738358,-0.0,-0.185912972561,0.28913738799,0.939061200082,0.0160352125027,Hy,5.977639664716e-06,3.25542574414e-06,C:\csttmp\huy_sf_safe_hfield96_s\L1_short_dipole_x_1p2G_hfield96.cst,1D Results\Probes\H-Field\H-Field (0.177758 -0.276454 4.12031)(Y) [1],CST ResultTree 1D complex local Cartesian H-field probe,6,geometric_farthest_72,geometric_farthest,72,nearest_full96_cell_aggregation
L1_short_dipole_x_1p2G,1200000000,31,31,level1_local_sphere_r0p35,0.177757907471,-0.276454388056,4.1203125,0.507879735632,-0.789869680159,0.34375,0.84112694688,0.540837738358,-0.0,-0.185912972561,0.28913738799,0.939061200082,0.0160352125027,Hz,1.374246124398e-05,7.632627696123e-06,C:\csttmp\huy_sf_safe_hfield96_s\L1_short_dipole_x_1p2G_hfield96.cst,1D Results\Probes\H-Field\H-Field (0.177758 -0.276454 4.12031)(Z) [1],CST ResultTree 1D complex local Cartesian H-field probe,6,geometric_farthest_72,geometric_farthest,72,nearest_full96_cell_aggregation
L1_short_dipole_x_1p2G,1200000000,93,93,level1_local_sphere_r0p35,-0.110335562173,-0.0159429567262,3.66822916667,-0.315244463353,-0.045551304932,-0.947916666667,0.0,0.998847396398,-0.047998736528,0.949010499587,-0.0151313359384,-0.314881111449,0.0320704250054,Hx,-1.5692896546580002e-11,2.8071573981280002e-11,C:\csttmp\huy_sf_safe_hfield96_s\L1_short_dipole_x_1p2G_hfield96.cst,1D Results\Probes\H-Field\H-Field (-0.110336 -0.015943 3.66823)(X) [1],CST ResultTree 1D complex local Cartesian H-field probe,7,geometric_farthest_72,geometric_farthest,72,nearest_full96_cell_aggregation
L1_short_dipole_x_1p2G,1200000000,93,93,level1_local_sphere_r0p35,-0.110335562173,-0.0159429567262,3.66822916667,-0.315244463353,-0.045551304932,-0.947916666667,0.0,0.998847396398,-0.047998736528,0.949010499587,-0.0151313359384,-0.314881111449,0.0320704250054,Hy,-1.62744284563e-05,-9.590571077959e-06,C:\csttmp\huy_sf_safe_hfield96_s\L1_short_dipole_x_1p2G_hfield96.cst,1D Results\Probes\H-Field\H-Field (-0.110336 -0.015943 3.66823)(Y) [1],CST ResultTree 1D complex local Cartesian H-field probe,7,geometric_farthest_72,geometric_farthest,72,nearest_full96_cell_aggregation
L1_short_dipole_x_1p2G,1200000000,93,93,level1_local_sphere_r0p35,-0.110335562173,-0.0159429567262,3.66822916667,-0.315244463353,-0.045551304932,-0.947916666667,0.0,0.998847396398,-0.047998736528,0.949010499587,-0.0151313359384,-0.314881111449,0.0320704250054,Hz,1.083972763252e-06,3.224671062696e-07,C:\csttmp\huy_sf_safe_hfield96_s\L1_short_dipole_x_1p2G_hfield96.cst,1D Results\Probes\H-Field\H-Field (-0.110336 -0.015943 3.66823)(Z) [1],CST ResultTree 1D complex local Cartesian H-field probe,7,geometric_farthest_72,geometric_farthest,72,nearest_full96_cell_aggregation
L1_short_dipole_x_1p2G,1200000000,37,37,level1_local_sphere_r0p35,0.229464458271,0.25295107429,4.0765625,0.655612737916,0.722717355114,0.21875,-0.740655333102,0.671885166935,0.0,-0.146974880267,-0.162018354116,0.97578093725,0.0160352125027,Hx,-3.1847833478450002e-12,1.700765869489e-11,C:\csttmp\huy_sf_safe_hfield96_s\L1_short_dipole_x_1p2G_hfield96.cst,1D Results\Probes\H-Field\H-Field (0.229464 0.252951 4.07656)(X) [1],CST ResultTree 1D complex local Cartesian H-field probe,8,geometric_farthest_72,geometric_farthest,72,nearest_full96_cell_aggregation
L1_short_dipole_x_1p2G,1200000000,37,37,level1_local_sphere_r0p35,0.229464458271,0.25295107429,4.0765625,0.655612737916,0.722717355114,0.21875,-0.740655333102,0.671885166935,0.0,-0.146974880267,-0.162018354116,0.97578093725,0.0160352125027,Hy,4.10795516623e-06,2.006615159602e-06,C:\csttmp\huy_sf_safe_hfield96_s\L1_short_dipole_x_1p2G_hfield96.cst,1D Results\Probes\H-Field\H-Field (0.229464 0.252951 4.07656)(Y) [1],CST ResultTree 1D complex local Cartesian H-field probe,8,geometric_farthest_72,geometric_farthest,72,nearest_full96_cell_aggregation
L1_short_dipole_x_1p2G,1200000000,37,37,level1_local_sphere_r0p35,0.229464458271,0.25295107429,4.0765625,0.655612737916,0.722717355114,0.21875,-0.740655333102,0.671885166935,0.0,-0.146974880267,-0.162018354116,0.97578093725,0.0160352125027,Hz,-1.236850175501e-05,-6.378611829583e-06,C:\csttmp\huy_sf_safe_hfield96_s\L1_short_dipole_x_1p2G_hfield96.cst,1D Results\Probes\H-Field\H-Field (0.229464 0.252951 4.07656)(Z) [1],CST ResultTree 1D complex local Cartesian H-field probe,8,geometric_farthest_72,geometric_farthest,72,nearest_full96_cell_aggregation
L1_short_dipole_x_1p2G,1200000000,89,89,level1_local_sphere_r0p35,0.175783660057,-0.00555186211405,3.69739583333,0.502239028734,-0.015862463183,-0.864583333333,0.0315677529045,0.999501614294,-0.0,0.864152437358,-0.027292953032,0.5024894623,0.0481056375081,Hx,7.201130231093e-12,-5.199139244477e-11,C:\csttmp\huy_sf_safe_hfield96_s\L1_short_dipole_x_1p2G_hfield96.cst,1D Results\Probes\H-Field\H-Field (0.175784 -0.00555186 3.6974)(X) [1],CST ResultTree 1D complex local Cartesian H-field probe,9,geometric_farthest_72,geometric_farthest,72,nearest_full96_cell_aggregation
L1_short_dipole_x_1p2G,1200000000,89,89,level1_local_sphere_r0p35,0.175783660057,-0.00555186211405,3.69739583333,0.502239028734,-0.015862463183,-0.864583333333,0.0315677529045,0.999501614294,-0.0,0.864152437358,-0.027292953032,0.5024894623,0.0481056375081,Hy,-1.49572569652e-05,-8.777531616993e-06,C:\csttmp\huy_sf_safe_hfield96_s\L1_short_dipole_x_1p2G_hfield96.cst,1D Results\Probes\H-Field\H-Field (0.175784 -0.00555186 3.6974)(Y) [1],CST ResultTree 1D complex local Cartesian H-field probe,9,geometric_farthest_72,geometric_farthest,72,nearest_full96_cell_aggregation
L1_short_dipole_x_1p2G,1200000000,89,89,level1_local_sphere_r0p35,0.175783660057,-0.00555186211405,3.69739583333,0.502239028734,-0.015862463183,-0.864583333333,0.0315677529045,0.999501614294,-0.0,0.864152437358,-0.027292953032,0.5024894623,0.0481056375081,Hz,4.872437903683e-07,6.063072889456e-08,C:\csttmp\huy_sf_safe_hfield96_s\L1_short_dipole_x_1p2G_hfield96.cst,1D Results\Probes\H-Field\H-Field (0.175784 -0.00555186 3.6974)(Z) [1],CST ResultTree 1D complex local Cartesian H-field probe,9,geometric_farthest_72,geometric_farthest,72,nearest_full96_cell_aggregation
L1_short_dipole_x_1p2G,1200000000,28,28,level1_local_sphere_r0p35,-0.108242687555,-0.300942246012,4.1421875,-0.309264821585,-0.859834988605,0.40625,0.940983556986,-0.338452279475,0.0,0.137496238537,0.382274570026,0.913761969826,0.0160352125027,Hx,6.237158815035e-12,-1.18761606545e-11,C:\csttmp\huy_sf_safe_hfield96_s\L1_short_dipole_x_1p2G_hfield96.cst,1D Results\Probes\H-Field\H-Field (-0.108243 -0.300942 4.14219)(X) [1],CST ResultTree 1D complex local Cartesian H-field probe,10,geometric_farthest_72,geometric_farthest,72,nearest_full96_cell_aggregation
L1_short_dipole_x_1p2G,1200000000,28,28,level1_local_sphere_r0p35,-0.108242687555,-0.300942246012,4.1421875,-0.309264821585,-0.859834988605,0.40625,0.940983556986,-0.338452279475,0.0,0.137496238537,0.382274570026,0.913761969826,0.0160352125027,Hy,6.964848886189e-06,3.931464082244e-06,C:\csttmp\huy_sf_safe_hfield96_s\L1_short_dipole_x_1p2G_hfield96.cst,1D Results\Probes\H-Field\H-Field (-0.108243 -0.300942 4.14219)(Y) [1],CST ResultTree 1D complex local Cartesian H-field probe,10,geometric_farthest_72,geometric_farthest,72,nearest_full96_cell_aggregation
L1_short_dipole_x_1p2G,1200000000,28,28,level1_local_sphere_r0p35,-0.108242687555,-0.300942246012,4.1421875,-0.309264821585,-0.859834988605,0.40625,0.940983556986,-0.338452279475,0.0,0.137496238537,0.382274570026,0.913761969826,0.0160352125027,Hz,1.505042731072e-05,8.553665619863e-06,C:\csttmp\huy_sf_safe_hfield96_s\L1_short_dipole_x_1p2G_hfield96.cst,1D Results\Probes\H-Field\H-Field (-0.108243 -0.300942 4.14219)(Z) [1],CST ResultTree 1D complex local Cartesian H-field probe,10,geometric_farthest_72,geometric_farthest,72,nearest_full96_cell_aggregation
L1_short_dipole_x_1p2G,1200000000,56,56,level1_local_sphere_r0p35,-0.265550843829,0.219411331159,3.93802083333,-0.758716696655,0.626889517597,-0.177083333333,-0.636956059621,-0.770900109037,0.0,-0.136513560975,0.112794302224,0.984195861125,0.0160352125027,Hx,-5.564982734569e-12,1.479573088847e-11,C:\csttmp\huy_sf_safe_hfield96_s\L1_short_dipole_x_1p2G_hfield96.cst,1D Results\Probes\H-Field\H-Field (-0.265551 0.219411 3.93802)(X) [1],CST ResultTree 1D complex local Cartesian H-field probe,11,geometric_farthest_72,geometric_farthest,72,nearest_full96_cell_aggregation
L1_short_dipole_x_1p2G,1200000000,56,56,level1_local_sphere_r0p35,-0.265550843829,0.219411331159,3.93802083333,-0.758716696655,0.626889517597,-0.177083333333,-0.636956059621,-0.770900109037,0.0,-0.136513560975,0.112794302224,0.984195861125,0.0160352125027,Hy,-3.440746940412e-06,-1.640619733974e-06,C:\csttmp\huy_sf_safe_hfield96_s\L1_short_dipole_x_1p2G_hfield96.cst,1D Results\Probes\H-Field\H-Field (-0.265551 0.219411 3.93802)(Y) [1],CST ResultTree 1D complex local Cartesian H-field probe,11,geometric_farthest_72,geometric_farthest,72,nearest_full96_cell_aggregation
L1_short_dipole_x_1p2G,1200000000,56,56,level1_local_sphere_r0p35,-0.265550843829,0.219411331159,3.93802083333,-0.758716696655,0.626889517597,-0.177083333333,-0.636956059621,-0.770900109037,0.0,-0.136513560975,0.112794302224,0.984195861125,0.0160352125027,Hz,-1.054771632182e-05,-5.64412633104e-06,C:\csttmp\huy_sf_safe_hfield96_s\L1_short_dipole_x_1p2G_hfield96.cst,1D Results\Probes\H-Field\H-Field (-0.265551 0.219411 3.93802)(Z) [1],CST ResultTree 1D complex local Cartesian H-field probe,11,geometric_farthest_72,geometric_farthest,72,nearest_full96_cell_aggregation
L1_short_dipole_x_1p2G,1200000000,67,67,level1_local_sphere_r0p35,-0.268159444272,-0.174279164823,3.8578125,-0.766169840778,-0.497940470922,-0.40625,0.544934553379,-0.838478582036,0.0,-0.340631923952,-0.22137966231,0.913761969826,0.0160352125027,Hx,-1.160779800185e-11,3.181420717745e-11,C:\csttmp\huy_sf_safe_hfield96_s\L1_short_dipole_x_1p2G_hfield96.cst,1D Results\Probes\H-Field\H-Field (-0.268159 -0.174279 3.85781)(X) [1],CST ResultTree 1D complex local Cartesian H-field probe,12,geometric_farthest_72,geometric_farthest,72,nearest_full96_cell_aggregation
L1_short_dipole_x_1p2G,1200000000,67,67,level1_local_sphere_r0p35,-0.268159444272,-0.174279164823,3.8578125,-0.766169840778,-0.497940470922,-0.40625,0.544934553379,-0.838478582036,0.0,-0.340631923952,-0.22137966231,0.913761969826,0.0160352125027,Hy,-7.054171119464e-06,-3.940352495225e-06,C:\csttmp\huy_sf_safe_hfield96_s\L1_short_dipole_x_1p2G_hfield96.cst,1D Results\Probes\H-Field\H-Field (-0.268159 -0.174279 3.85781)(Y) [1],CST ResultTree 1D complex local Cartesian H-field probe,12,geometric_farthest_72,geometric_farthest,72,nearest_full96_cell_aggregation
L1_short_dipole_x_1p2G,1200000000,67,67,level1_local_sphere_r0p35,-0.268159444272,-0.174279164823,3.8578125,-0.766169840778,-0.497940470922,-0.40625,0.544934553379,-0.838478582036,0.0,-0.340631923952,-0.22137966231,0.913761969826,0.0160352125027,Hz,8.305697188894e-06,4.433908376403e-06,C:\csttmp\huy_sf_safe_hfield96_s\L1_short_dipole_x_1p2G_hfield96.cst,1D Results\Probes\H-Field\H-Field (-0.268159 -0.174279 3.85781)(Z) [1],CST ResultTree 1D complex local Cartesian H-field probe,12,geometric_farthest_72,geometric_farthest,72,nearest_full96_cell_aggregation
L1_short_dipole_x_1p2G,1200000000,9,9,level1_local_sphere_r0p35,-0.193210631957,0.0797545401925,4.28072916667,-0.552030377021,0.227870114836,0.802083333333,-0.381556408475,-0.924345556138,0.0,0.741402164819,-0.306040035964,0.597212128468,0.0320704250054,Hx,2.0282345448470002e-11,-4.6616872086090005e-11,C:\csttmp\huy_sf_safe_hfield96_s\L1_short_dipole_x_1p2G_hfield96.cst,1D Results\Probes\H-Field\H-Field (-0.193211 0.0797545 4.28073)(X) [1],CST ResultTree 1D complex local Cartesian H-field probe,13,geometric_farthest_72,geometric_farthest,72,nearest_full96_cell_aggregation
L1_short_dipole_x_1p2G,1200000000,9,9,level1_local_sphere_r0p35,-0.193210631957,0.0797545401925,4.28072916667,-0.552030377021,0.227870114836,0.802083333333,-0.381556408475,-0.924345556138,0.0,0.741402164819,-0.306040035964,0.597212128468,0.0320704250054,Hy,1.39130624699e-05,7.701612970892e-06,C:\csttmp\huy_sf_safe_hfield96_s\L1_short_dipole_x_1p2G_hfield96.cst,1D Results\Probes\H-Field\H-Field (-0.193211 0.0797545 4.28073)(Y) [1],CST ResultTree 1D complex local Cartesian H-field probe,13,geometric_farthest_72,geometric_farthest,72,nearest_full96_cell_aggregation
L1_short_dipole_x_1p2G,1200000000,9,9,level1_local_sphere_r0p35,-0.193210631957,0.0797545401925,4.28072916667,-0.552030377021,0.227870114836,0.802083333333,-0.381556408475,-0.924345556138,0.0,0.741402164819,-0.306040035964,0.597212128468,0.0320704250054,Hz,-4.281429945171e-06,-2.06415504524e-06,C:\csttmp\huy_sf_safe_hfield96_s\L1_short_dipole_x_1p2G_hfield96.cst,1D Results\Probes\H-Field\H-Field (-0.193211 0.0797545 4.28073)(Z) [1],CST ResultTree 1D complex local Cartesian H-field probe,13,geometric_farthest_72,geometric_farthest,72,nearest_full96_cell_aggregation
L1_short_dipole_x_1p2G,1200000000,71,71,level1_local_sphere_r0p35,0.223011764394,0.208335072678,3.82864583333,0.637176469698,0.595243064794,-0.489583333333,-0.682652238097,0.730743403542,0.0,0.357759791318,0.334215158235,0.871956512518,0.0160352125027,Hx,8.377907112293e-12,-3.56094402374e-11,C:\csttmp\huy_sf_safe_hfield96_s\L1_short_dipole_x_1p2G_hfield96.cst,1D Results\Probes\H-Field\H-Field (0.223012 0.208335 3.82865)(X) [1],CST ResultTree 1D complex local Cartesian H-field probe,14,geometric_farthest_72,geometric_farthest,72,nearest_full96_cell_aggregation
L1_short_dipole_x_1p2G,1200000000,71,71,level1_local_sphere_r0p35,0.223011764394,0.208335072678,3.82864583333,0.637176469698,0.595243064794,-0.489583333333,-0.682652238097,0.730743403542,0.0,0.357759791318,0.334215158235,0.871956512518,0.0160352125027,Hy,-8.170867159037e-06,-4.627016691204e-06,C:\csttmp\huy_sf_safe_hfield96_s\L1_short_dipole_x_1p2G_hfield96.cst,1D Results\Probes\H-Field\H-Field (0.223012 0.208335 3.82865)(Y) [1],CST ResultTree 1D complex local Cartesian H-field probe,14,geometric_farthest_72,geometric_farthest,72,nearest_full96_cell_aggregation
L1_short_dipole_x_1p2G,1200000000,71,71,level1_local_sphere_r0p35,0.223011764394,0.208335072678,3.82864583333,0.637176469698,0.595243064794,-0.489583333333,-0.682652238097,0.730743403542,0.0,0.357759791318,0.334215158235,0.871956512518,0.0160352125027,Hz,-9.930487964639e-06,-5.283539885784e-06,C:\csttmp\huy_sf_safe_hfield96_s\L1_short_dipole_x_1p2G_hfield96.cst,1D Results\Probes\H-Field\H-Field (0.223012 0.208335 3.82865)(Z) [1],CST ResultTree 1D complex local Cartesian H-field probe,14,geometric_farthest_72,geometric_farthest,72,nearest_full96_cell_aggregation
L1_short_dipole_x_1p2G,1200000000,21,21,level1_local_sphere_r0p35,0.289219949579,0.0389141351564,4.19322916667,0.826342713082,0.111183243304,0.552083333333,-0.13334698776,0.991069412733,0.0,-0.547152904946,-0.0736186494927,0.833788937955,0.0320704250054,Hx,-1.00398681869e-11,5.0289630699430006e-11,C:\csttmp\huy_sf_safe_hfield96_s\L1_short_dipole_x_1p2G_hfield96.cst,1D Results\Probes\H-Field\H-Field (0.28922 0.0389141 4.19323)(X) [1],CST ResultTree 1D complex local Cartesian H-field probe,15,geometric_farthest_72,geometric_farthest,72,nearest_full96_cell_aggregation
L1_short_dipole_x_1p2G,1200000000,21,21,level1_local_sphere_r0p35,0.289219949579,0.0389141351564,4.19322916667,0.826342713082,0.111183243304,0.552083333333,-0.13334698776,0.991069412733,0.0,-0.547152904946,-0.0736186494927,0.833788937955,0.0320704250054,Hy,9.180168202725e-06,5.321731936659e-06,C:\csttmp\huy_sf_safe_hfield96_s\L1_short_dipole_x_1p2G_hfield96.cst,1D Results\Probes\H-Field\H-Field (0.28922 0.0389141 4.19323)(Y) [1],CST ResultTree 1D complex local Cartesian H-field probe,15,geometric_farthest_72,geometric_farthest,72,nearest_full96_cell_aggregation
L1_short_dipole_x_1p2G,1200000000,21,21,level1_local_sphere_r0p35,0.289219949579,0.0389141351564,4.19322916667,0.826342713082,0.111183243304,0.552083333333,-0.13334698776,0.991069412733,0.0,-0.547152904946,-0.0736186494927,0.833788937955,0.0320704250054,Hz,-2.114239714187e-06,-1.081638266773e-06,C:\csttmp\huy_sf_safe_hfield96_s\L1_short_dipole_x_1p2G_hfield96.cst,1D Results\Probes\H-Field\H-Field (0.28922 0.0389141 4.19323)(Z) [1],CST ResultTree 1D complex local Cartesian H-field probe,15,geometric_farthest_72,geometric_farthest,72,nearest_full96_cell_aggregation
L1_short_dipole_x_1p2G,1200000000,11,11,level1_local_sphere_r0p35,0.0680279501191,0.216883824666,4.26614583333,0.194365571769,0.619668070475,0.760416666667,-0.954164120308,0.299283864445,0.0,-0.227580438588,-0.725562299817,0.649435518782,0.0320704250054,Hx,4.2558325226729994e-13,1.7927348658080003e-11,C:\csttmp\huy_sf_safe_hfield96_s\L1_short_dipole_x_1p2G_hfield96.cst,1D Results\Probes\H-Field\H-Field (0.068028 0.216884 4.26615)(X) [1],CST ResultTree 1D complex local Cartesian H-field probe,16,geometric_farthest_72,geometric_farthest,72,nearest_full96_cell_aggregation
L1_short_dipole_x_1p2G,1200000000,11,11,level1_local_sphere_r0p35,0.0680279501191,0.216883824666,4.26614583333,0.194365571769,0.619668070475,0.760416666667,-0.954164120308,0.299283864445,0.0,-0.227580438588,-0.725562299817,0.649435518782,0.0320704250054,Hy,1.343182838025e-05,7.204714884429e-06,C:\csttmp\huy_sf_safe_hfield96_s\L1_short_dipole_x_1p2G_hfield96.cst,1D Results\Probes\H-Field\H-Field (0.068028 0.216884 4.26615)(Y) [1],CST ResultTree 1D complex local Cartesian H-field probe,16,geometric_farthest_72,geometric_farthest,72,nearest_full96_cell_aggregation
L1_short_dipole_x_1p2G,1200000000,11,11,level1_local_sphere_r0p35,0.0680279501191,0.216883824666,4.26614583333,0.194365571769,0.619668070475,0.760416666667,-0.954164120308,0.299283864445,0.0,-0.227580438588,-0.725562299817,0.649435518782,0.0320704250054,Hz,-1.024611656778e-05,-5.78727189979e-06,C:\csttmp\huy_sf_safe_hfield96_s\L1_short_dipole_x_1p2G_hfield96.cst,1D Results\Probes\H-Field\H-Field (0.068028 0.216884 4.26615)(Z) [1],CST ResultTree 1D complex local Cartesian H-field probe,16,geometric_farthest_72,geometric_farthest,72,nearest_full96_cell_aggregation
L1_short_dipole_x_1p2G,1200000000,73,73,level1_local_sphere_r0p35,0.220592326036,-0.198157189594,3.8140625,0.630263788675,-0.566163398839,-0.53125,0.668264050267,0.743924162211,-0.0,0.395209711175,-0.355015276704,0.847215106983,0.0160352125027,Hx,6.41653964967e-12,-3.800762316086e-11,C:\csttmp\huy_sf_safe_hfield96_s\L1_short_dipole_x_1p2G_hfield96.cst,1D Results\Probes\H-Field\H-Field (0.220592 -0.198157 3.81406)(X) [1],CST ResultTree 1D complex local Cartesian H-field probe,17,geometric_farthest_72,geometric_farthest,72,nearest_full96_cell_aggregation
L1_short_dipole_x_1p2G,1200000000,73,73,level1_local_sphere_r0p35,0.220592326036,-0.198157189594,3.8140625,0.630263788675,-0.566163398839,-0.53125,0.668264050267,0.743924162211,-0.0,0.395209711175,-0.355015276704,0.847215106983,0.0160352125027,Hy,-8.789412730191e-06,-5.056055427099e-06,C:\csttmp\huy_sf_safe_hfield96_s\L1_short_dipole_x_1p2G_hfield96.cst,1D Results\Probes\H-Field\H-Field (0.220592 -0.198157 3.81406)(Y) [1],CST ResultTree 1D complex local Cartesian H-field probe,17,geometric_farthest_72,geometric_farthest,72,nearest_full96_cell_aggregation
L1_short_dipole_x_1p2G,1200000000,73,73,level1_local_sphere_r0p35,0.220592326036,-0.198157189594,3.8140625,0.630263788675,-0.566163398839,-0.53125,0.668264050267,0.743924162211,-0.0,0.395209711175,-0.355015276704,0.847215106983,0.0160352125027,Hz,9.438190330977e-06,5.049813328121e-06,C:\csttmp\huy_sf_safe_hfield96_s\L1_short_dipole_x_1p2G_hfield96.cst,1D Results\Probes\H-Field\H-Field (0.220592 -0.198157 3.81406)(Z) [1],CST ResultTree 1D complex local Cartesian H-field probe,17,geometric_farthest_72,geometric_farthest,72,nearest_full96_cell_aggregation
L1_short_dipole_x_1p2G,1200000000,7,7,level1_local_sphere_r0p35,-0.086584948168,-0.166714048882,4.2953125,-0.247385566194,-0.476325853947,0.84375,0.887448429245,-0.460907024713,0.0,0.388890302102,0.748784612176,0.536736376166,0.0481056375081,Hx,1.1523823664900001e-11,-1.8382086528030002e-11,C:\csttmp\huy_sf_safe_hfield96_s\L1_short_dipole_x_1p2G_hfield96.cst,1D Results\Probes\H-Field\H-Field (-0.0865849 -0.166714 4.29531)(X) [1],CST ResultTree 1D complex local Cartesian H-field probe,18,geometric_farthest_72,geometric_farthest,72,nearest_full96_cell_aggregation
L1_short_dipole_x_1p2G,1200000000,7,7,level1_local_sphere_r0p35,-0.086584948168,-0.166714048882,4.2953125,-0.247385566194,-0.476325853947,0.84375,0.887448429245,-0.460907024713,0.0,0.388890302102,0.748784612176,0.536736376166,0.0481056375081,Hy,1.502057515584e-05,8.230027966899e-06,C:\csttmp\huy_sf_safe_hfield96_s\L1_short_dipole_x_1p2G_hfield96.cst,1D Results\Probes\H-Field\H-Field (-0.0865849 -0.166714 4.29531)(Y) [1],CST ResultTree 1D complex local Cartesian H-field probe,18,geometric_farthest_72,geometric_farthest,72,nearest_full96_cell_aggregation
L1_short_dipole_x_1p2G,1200000000,7,7,level1_local_sphere_r0p35,-0.086584948168,-0.166714048882,4.2953125,-0.247385566194,-0.476325853947,0.84375,0.887448429245,-0.460907024713,0.0,0.388890302102,0.748784612176,0.536736376166,0.0481056375081,Hz,7.764244280228e-06,4.507470445809e-06,C:\csttmp\huy_sf_safe_hfield96_s\L1_short_dipole_x_1p2G_hfield96.cst,1D Results\Probes\H-Field\H-Field (-0.0865849 -0.166714 4.29531)(Z) [1],CST ResultTree 1D complex local Cartesian H-field probe,18,geometric_farthest_72,geometric_farthest,72,nearest_full96_cell_aggregation
L1_short_dipole_x_1p2G,1200000000,33,33,level1_local_sphere_r0p35,-0.263790262171,-0.20429400603,4.10572916667,-0.753686463345,-0.583697160086,0.302083333333,0.612303025669,-0.790623174943,0.0,0.238834084097,0.184966539004,0.953281521756,0.0160352125027,Hx,8.235066110069e-12,-2.3815746032530004e-11,C:\csttmp\huy_sf_safe_hfield96_s\L1_short_dipole_x_1p2G_hfield96.cst,1D Results\Probes\H-Field\H-Field (-0.26379 -0.204294 4.10573)(X) [1],CST ResultTree 1D complex local Cartesian H-field probe,19,geometric_farthest_72,geometric_farthest,72,nearest_full96_cell_aggregation
L1_short_dipole_x_1p2G,1200000000,33,33,level1_local_sphere_r0p35,-0.263790262171,-0.20429400603,4.10572916667,-0.753686463345,-0.583697160086,0.302083333333,0.612303025669,-0.790623174943,0.0,0.238834084097,0.184966539004,0.953281521756,0.0160352125027,Hy,5.491775014476e-06,2.974569904328e-06,C:\csttmp\huy_sf_safe_hfield96_s\L1_short_dipole_x_1p2G_hfield96.cst,1D Results\Probes\H-Field\H-Field (-0.26379 -0.204294 4.10573)(Y) [1],CST ResultTree 1D complex local Cartesian H-field probe,19,geometric_farthest_72,geometric_farthest,72,nearest_full96_cell_aggregation
L1_short_dipole_x_1p2G,1200000000,33,33,level1_local_sphere_r0p35,-0.263790262171,-0.20429400603,4.10572916667,-0.753686463345,-0.583697160086,0.302083333333,0.612303025669,-0.790623174943,0.0,0.238834084097,0.184966539004,0.953281521756,0.0160352125027,Hz,9.793463308033e-06,5.155800225558e-06,C:\csttmp\huy_sf_safe_hfield96_s\L1_short_dipole_x_1p2G_hfield96.cst,1D Results\Probes\H-Field\H-Field (-0.26379 -0.204294 4.10573)(Z) [1],CST ResultTree 1D complex local Cartesian H-field probe,19,geometric_farthest_72,geometric_farthest,72,nearest_full96_cell_aggregation
L1_short_dipole_x_1p2G,1200000000,32,32,level1_local_sphere_r0p35,0.0561057877891,0.326463522938,4.11302083333,0.160302250826,0.932752922681,0.322916666667,-0.985551476174,0.169376172504,0.0,-0.0546943890377,-0.318250997514,0.946427401542,0.0160352125027,Hx,-2.1829331091359998e-13,6.8525898559650004e-12,C:\csttmp\huy_sf_safe_hfield96_s\L1_short_dipole_x_1p2G_hfield96.cst,1D Results\Probes\H-Field\H-Field (0.0561058 0.326464 4.11302)(X) [1],CST ResultTree 1D complex local Cartesian H-field probe,20,geometric_farthest_72,geometric_farthest,72,nearest_full96_cell_aggregation
L1_short_dipole_x_1p2G,1200000000,32,32,level1_local_sphere_r0p35,0.0561057877891,0.326463522938,4.11302083333,0.160302250826,0.932752922681,0.322916666667,-0.985551476174,0.169376172504,0.0,-0.0546943890377,-0.318250997514,0.946427401542,0.0160352125027,Hy,5.81096447954e-06,3.020596107804e-06,C:\csttmp\huy_sf_safe_hfield96_s\L1_short_dipole_x_1p2G_hfield96.cst,1D Results\Probes\H-Field\H-Field (0.0561058 0.326464 4.11302)(Y) [1],CST ResultTree 1D complex local Cartesian H-field probe,20,geometric_farthest_72,geometric_farthest,72,nearest_full96_cell_aggregation
L1_short_dipole_x_1p2G,1200000000,32,32,level1_local_sphere_r0p35,0.0561057877891,0.326463522938,4.11302083333,0.160302250826,0.932752922681,0.322916666667,-0.985551476174,0.169376172504,0.0,-0.0546943890377,-0.318250997514,0.946427401542,0.0160352125027,Hz,-1.61804861451e-05,-9.049051543589e-06,C:\csttmp\huy_sf_safe_hfield96_s\L1_short_dipole_x_1p2G_hfield96.cst,1D Results\Probes\H-Field\H-Field (0.0561058 0.326464 4.11302)(Z) [1],CST ResultTree 1D complex local Cartesian H-field probe,20,geometric_farthest_72,geometric_farthest,72,nearest_full96_cell_aggregation
L1_short_dipole_x_1p2G,1200000000,10,10,level1_local_sphere_r0p35,0.0926003435022,-0.197881555424,4.2734375,0.264572410006,-0.56537587264,0.78125,0.905734272556,0.423845995048,-0.0,-0.331129683631,0.707604900434,0.624218261107,0.0320704250054,Hx,-2.471133983709e-13,2.4199798078290003e-11,C:\csttmp\huy_sf_safe_hfield96_s\L1_short_dipole_x_1p2G_hfield96.cst,1D Results\Probes\H-Field\H-Field (0.0926003 -0.197882 4.27344)(X) [1],CST ResultTree 1D complex local Cartesian H-field probe,21,geometric_farthest_72,geometric_farthest,72,nearest_full96_cell_aggregation
L1_short_dipole_x_1p2G,1200000000,10,10,level1_local_sphere_r0p35,0.0926003435022,-0.197881555424,4.2734375,0.264572410006,-0.56537587264,0.78125,0.905734272556,0.423845995048,-0.0,-0.331129683631,0.707604900434,0.624218261107,0.0320704250054,Hy,1.381649571302e-05,7.545993280424e-06,C:\csttmp\huy_sf_safe_hfield96_s\L1_short_dipole_x_1p2G_hfield96.cst,1D Results\Probes\H-Field\H-Field (0.0926003 -0.197882 4.27344)(Y) [1],CST ResultTree 1D complex local Cartesian H-field probe,21,geometric_farthest_72,geometric_farthest,72,nearest_full96_cell_aggregation
L1_short_dipole_x_1p2G,1200000000,10,10,level1_local_sphere_r0p35,0.0926003435022,-0.197881555424,4.2734375,0.264572410006,-0.56537587264,0.78125,0.905734272556,0.423845995048,-0.0,-0.331129683631,0.707604900434,0.624218261107,0.0320704250054,Hz,9.293779655606e-06,5.297382278301e-06,C:\csttmp\huy_sf_safe_hfield96_s\L1_short_dipole_x_1p2G_hfield96.cst,1D Results\Probes\H-Field\H-Field (0.0926003 -0.197882 4.27344)(Z) [1],CST ResultTree 1D complex local Cartesian H-field probe,21,geometric_farthest_72,geometric_farthest,72,nearest_full96_cell_aggregation
L1_short_dipole_x_1p2G,1200000000,72,72,level1_local_sphere_r0p35,-0.300960202612,-0.00293643938832,3.82135416667,-0.859886293178,-0.00838982682377,-0.510416666667,0.00975643823497,-0.999952404824,0.0,-0.510392373295,-0.00497984868243,0.859927221565,0.0160352125027,Hx,-1.573148578818e-11,4.453246855653e-11,C:\csttmp\huy_sf_safe_hfield96_s\L1_short_dipole_x_1p2G_hfield96.cst,1D Results\Probes\H-Field\H-Field (-0.30096 -0.00293644 3.82135)(X) [1],CST ResultTree 1D complex local Cartesian H-field probe,22,geometric_farthest_72,geometric_farthest,72,nearest_full96_cell_aggregation
L1_short_dipole_x_1p2G,1200000000,72,72,level1_local_sphere_r0p35,-0.300960202612,-0.00293643938832,3.82135416667,-0.859886293178,-0.00838982682377,-0.510416666667,0.00975643823497,-0.999952404824,0.0,-0.510392373295,-0.00497984868243,0.859927221565,0.0160352125027,Hy,-8.480908755347e-06,-5.007869560424e-06,C:\csttmp\huy_sf_safe_hfield96_s\L1_short_dipole_x_1p2G_hfield96.cst,1D Results\Probes\H-Field\H-Field (-0.30096 -0.00293644 3.82135)(Y) [1],CST ResultTree 1D complex local Cartesian H-field probe,22,geometric_farthest_72,geometric_farthest,72,nearest_full96_cell_aggregation
L1_short_dipole_x_1p2G,1200000000,72,72,level1_local_sphere_r0p35,-0.300960202612,-0.00293643938832,3.82135416667,-0.859886293178,-0.00838982682377,-0.510416666667,0.00975643823497,-0.999952404824,0.0,-0.510392373295,-0.00497984868243,0.859927221565,0.0160352125027,Hz,3.026622390014e-07,7.361884894023e-08,C:\csttmp\huy_sf_safe_hfield96_s\L1_short_dipole_x_1p2G_hfield96.cst,1D Results\Probes\H-Field\H-Field (-0.30096 -0.00293644 3.82135)(Z) [1],CST ResultTree 1D complex local Cartesian H-field probe,22,geometric_farthest_72,geometric_farthest,72,nearest_full96_cell_aggregation
L1_short_dipole_x_1p2G,1200000000,91,91,level1_local_sphere_r0p35,0.00827616923972,-0.147728111294,3.6828125,0.0236461978278,-0.422080317983,-0.90625,0.0,0.906503467822,-0.422198369049,0.999720389573,0.00998338615709,0.0214353603317,0.0160352125027,Hx,-5.288432295967e-12,-5.800864286335e-12,C:\csttmp\huy_sf_safe_hfield96_s\L1_short_dipole_x_1p2G_hfield96.cst,1D Results\Probes\H-Field\H-Field (0.00827617 -0.147728 3.68281)(X) [1],CST ResultTree 1D complex local Cartesian H-field probe,23,geometric_farthest_72,geometric_farthest,72,nearest_full96_cell_aggregation
