sample_id,frequency_hz,sensor_id,node_id,prior_id,x_m,y_m,z_m,normal_x,normal_y,normal_z,tangent1_x,tangent1_y,tangent1_z,tangent2_x,tangent2_y,tangent2_z,weight_m2,polarization,h_real,h_imag,cst_project,cst_probe_item,extraction_method,layout_candidate,layout_method,layout_sensor_count,selected_for_measurement,reconstruction_model,reconstruction_degree
L1_short_dipole_x_1p2G,1200000000,0,0,level1_local_sphere_r0p35,0.050386419129,0.0,4.34635416667,0.143961197511,0.0,0.989583333333,0.0,-1.0,0.0,0.989583333333,0.0,-0.143961197511,0.0160352125027,Hx,5.39506762849e-13,1.8276006824550002e-11,C:\csttmp\huy_sf_safe_hfield96_s\L1_short_dipole_x_1p2G_hfield96.cst,1D Results\Probes\H-Field\H-Field (0.0503864 0 4.34635)(X) [1],CST ResultTree 1D complex local Cartesian H-field probe,geometric_farthest_24,geometric_farthest,24,True,complex_cartesian_polynomial_on_sphere,3
L1_short_dipole_x_1p2G,1200000000,0,0,level1_local_sphere_r0p35,0.050386419129,0.0,4.34635416667,0.143961197511,0.0,0.989583333333,0.0,-1.0,0.0,0.989583333333,0.0,-0.143961197511,0.0160352125027,Hy,1.625745067336e-05,1.128090851063e-05,C:\csttmp\huy_sf_safe_hfield96_s\L1_short_dipole_x_1p2G_hfield96.cst,1D Results\Probes\H-Field\H-Field (0.0503864 0 4.34635)(Y) [1],CST ResultTree 1D complex local Cartesian H-field probe,geometric_farthest_24,geometric_farthest,24,True,complex_cartesian_polynomial_on_sphere,3
L1_short_dipole_x_1p2G,1200000000,0,0,level1_local_sphere_r0p35,0.050386419129,0.0,4.34635416667,0.143961197511,0.0,0.989583333333,0.0,-1.0,0.0,0.989583333333,0.0,-0.143961197511,0.0160352125027,Hz,3.048544512796e-07,-8.794245824097e-08,C:\csttmp\huy_sf_safe_hfield96_s\L1_short_dipole_x_1p2G_hfield96.cst,1D Results\Probes\H-Field\H-Field (0.0503864 0 4.34635)(Z) [1],CST ResultTree 1D complex local Cartesian H-field probe,geometric_farthest_24,geometric_farthest,24,True,complex_cartesian_polynomial_on_sphere,3
L1_short_dipole_x_1p2G,1200000000,1,1,level1_local_sphere_r0p35,-0.0640137315534,0.0586418218199,4.3390625,-0.182896375867,0.167548062343,0.96875,0.0,-0.985371045215,0.170422719292,0.983132196449,0.0311696977239,0.180220793054,0.0160352125027,Hx,1.2178880347072752e-11,-1.77062564124454e-11,C:\csttmp\huy_sf_safe_hfield96_s\L1_short_dipole_x_1p2G_hfield96.cst,1D Results\Probes\H-Field\H-Field (-0.0640137 0.0586418 4.33906)(X) [1],CST ResultTree 1D complex local Cartesian H-field probe,geometric_farthest_24,geometric_farthest,24,False,complex_cartesian_polynomial_on_sphere,3
L1_short_dipole_x_1p2G,1200000000,1,1,level1_local_sphere_r0p35,-0.0640137315534,0.0586418218199,4.3390625,-0.182896375867,0.167548062343,0.96875,0.0,-0.985371045215,0.170422719292,0.983132196449,0.0311696977239,0.180220793054,0.0160352125027,Hy,1.6678968375051816e-05,1.0085624263136822e-05,C:\csttmp\huy_sf_safe_hfield96_s\L1_short_dipole_x_1p2G_hfield96.cst,1D Results\Probes\H-Field\H-Field (-0.0640137 0.0586418 4.33906)(Y) [1],CST ResultTree 1D complex local Cartesian H-field probe,geometric_farthest_24,geometric_farthest,24,False,complex_cartesian_polynomial_on_sphere,3
L1_short_dipole_x_1p2G,1200000000,1,1,level1_local_sphere_r0p35,-0.0640137315534,0.0586418218199,4.3390625,-0.182896375867,0.167548062343,0.96875,0.0,-0.985371045215,0.170422719292,0.983132196449,0.0311696977239,0.180220793054,0.0160352125027,Hz,-2.8723476222216073e-06,-1.607850781123646e-06,C:\csttmp\huy_sf_safe_hfield96_s\L1_short_dipole_x_1p2G_hfield96.cst,1D Results\Probes\H-Field\H-Field (-0.0640137 0.0586418 4.33906)(Z) [1],CST ResultTree 1D complex local Cartesian H-field probe,geometric_farthest_24,geometric_farthest,24,False,complex_cartesian_polynomial_on_sphere,3
L1_short_dipole_x_1p2G,1200000000,2,2,level1_local_sphere_r0p35,0.00974634673724,-0.111054594117,4.33177083333,0.0278467049635,-0.317298840335,0.947916666667,0.0,-0.948284406316,-0.317421934873,0.999612205319,0.00883915496937,-0.0264065960842,0.0160352125027,Hx,5.076835297499839e-12,6.37913020108858e-12,C:\csttmp\huy_sf_safe_hfield96_s\L1_short_dipole_x_1p2G_hfield96.cst,1D Results\Probes\H-Field\H-Field (0.00974635 -0.111055 4.33177)(X) [1],CST ResultTree 1D complex local Cartesian H-field probe,geometric_farthest_24,geometric_farthest,24,False,complex_cartesian_polynomial_on_sphere,3
L1_short_dipole_x_1p2G,1200000000,2,2,level1_local_sphere_r0p35,0.00974634673724,-0.111054594117,4.33177083333,0.0278467049635,-0.317298840335,0.947916666667,0.0,-0.948284406316,-0.317421934873,0.999612205319,0.00883915496937,-0.0264065960842,0.0160352125027,Hy,1.629787432748543e-05,9.975184274297651e-06,C:\csttmp\huy_sf_safe_hfield96_s\L1_short_dipole_x_1p2G_hfield96.cst,1D Results\Probes\H-Field\H-Field (0.00974635 -0.111055 4.33177)(Y) [1],CST ResultTree 1D complex local Cartesian H-field probe,geometric_farthest_24,geometric_farthest,24,False,complex_cartesian_polynomial_on_sphere,3
L1_short_dipole_x_1p2G,1200000000,2,2,level1_local_sphere_r0p35,0.00974634673724,-0.111054594117,4.33177083333,0.0278467049635,-0.317298840335,0.947916666667,0.0,-0.948284406316,-0.317421934873,0.999612205319,0.00883915496937,-0.0264065960842,0.0160352125027,Hz,5.1050736505873305e-06,2.918602874512831e-06,C:\csttmp\huy_sf_safe_hfield96_s\L1_short_dipole_x_1p2G_hfield96.cst,1D Results\Probes\H-Field\H-Field (0.00974635 -0.111055 4.33177)(Z) [1],CST ResultTree 1D complex local Cartesian H-field probe,geometric_farthest_24,geometric_farthest,24,False,complex_cartesian_polynomial_on_sphere,3
L1_short_dipole_x_1p2G,1200000000,3,3,level1_local_sphere_r0p35,0.0798267852986,0.104119905629,4.32447916667,0.228076529425,0.297485444654,0.927083333333,0.0,-0.952179736476,0.305538458208,0.973643208124,-0.0696861511537,-0.217169849684,0.0160352125027,Hx,-1.3104913492373972e-12,2.6949916541157594e-11,C:\csttmp\huy_sf_safe_hfield96_s\L1_short_dipole_x_1p2G_hfield96.cst,1D Results\Probes\H-Field\H-Field (0.0798268 0.10412 4.32448)(X) [1],CST ResultTree 1D complex local Cartesian H-field probe,geometric_farthest_24,geometric_farthest,24,False,complex_cartesian_polynomial_on_sphere,3
L1_short_dipole_x_1p2G,1200000000,3,3,level1_local_sphere_r0p35,0.0798267852986,0.104119905629,4.32447916667,0.228076529425,0.297485444654,0.927083333333,0.0,-0.952179736476,0.305538458208,0.973643208124,-0.0696861511537,-0.217169849684,0.0160352125027,Hy,1.5752964230784387e-05,9.721054213599166e-06,C:\csttmp\huy_sf_safe_hfield96_s\L1_short_dipole_x_1p2G_hfield96.cst,1D Results\Probes\H-Field\H-Field (0.0798268 0.10412 4.32448)(Y) [1],CST ResultTree 1D complex local Cartesian H-field probe,geometric_farthest_24,geometric_farthest,24,False,complex_cartesian_polynomial_on_sphere,3
L1_short_dipole_x_1p2G,1200000000,3,3,level1_local_sphere_r0p35,0.0798267852986,0.104119905629,4.32447916667,0.228076529425,0.297485444654,0.927083333333,0.0,-0.952179736476,0.305538458208,0.973643208124,-0.0696861511537,-0.217169849684,0.0160352125027,Hz,-4.7099340501093275e-06,-2.819744586308413e-06,C:\csttmp\huy_sf_safe_hfield96_s\L1_short_dipole_x_1p2G_hfield96.cst,1D Results\Probes\H-Field\H-Field (0.0798268 0.10412 4.32448)(Z) [1],CST ResultTree 1D complex local Cartesian H-field probe,geometric_farthest_24,geometric_farthest,24,False,complex_cartesian_polynomial_on_sphere,3
L1_short_dipole_x_1p2G,1200000000,4,4,level1_local_sphere_r0p35,-0.145697968509,-0.0257719191415,4.3171875,-0.416279910024,-0.0736340546901,0.90625,0.0,-0.996715361819,-0.0809844893381,0.909236512966,-0.033712215935,0.414912581138,0.0160352125027,Hx,1.789921790473809e-11,-3.989758625025834e-11,C:\csttmp\huy_sf_safe_hfield96_s\L1_short_dipole_x_1p2G_hfield96.cst,1D Results\Probes\H-Field\H-Field (-0.145698 -0.0257719 4.31719)(X) [1],CST ResultTree 1D complex local Cartesian H-field probe,geometric_farthest_24,geometric_farthest,24,False,complex_cartesian_polynomial_on_sphere,3
L1_short_dipole_x_1p2G,1200000000,4,4,level1_local_sphere_r0p35,-0.145697968509,-0.0257719191415,4.3171875,-0.416279910024,-0.0736340546901,0.90625,0.0,-0.996715361819,-0.0809844893381,0.909236512966,-0.033712215935,0.414912581138,0.0160352125027,Hy,1.5857672661053002e-05,9.25008359087355e-06,C:\csttmp\huy_sf_safe_hfield96_s\L1_short_dipole_x_1p2G_hfield96.cst,1D Results\Probes\H-Field\H-Field (-0.145698 -0.0257719 4.31719)(Y) [1],CST ResultTree 1D complex local Cartesian H-field probe,geometric_farthest_24,geometric_farthest,24,False,complex_cartesian_polynomial_on_sphere,3
L1_short_dipole_x_1p2G,1200000000,4,4,level1_local_sphere_r0p35,-0.145697968509,-0.0257719191415,4.3171875,-0.416279910024,-0.0736340546901,0.90625,0.0,-0.996715361819,-0.0809844893381,0.909236512966,-0.033712215935,0.414912581138,0.0160352125027,Hz,8.798526499476379e-07,6.432037312068517e-07,C:\csttmp\huy_sf_safe_hfield96_s\L1_short_dipole_x_1p2G_hfield96.cst,1D Results\Probes\H-Field\H-Field (-0.145698 -0.0257719 4.31719)(Z) [1],CST ResultTree 1D complex local Cartesian H-field probe,geometric_farthest_24,geometric_farthest,24,False,complex_cartesian_polynomial_on_sphere,3
L1_short_dipole_x_1p2G,1200000000,5,5,level1_local_sphere_r0p35,0.137261566981,-0.0873145733117,4.30989583333,0.392175905659,-0.249470209462,0.885416666667,0.536728052626,0.843755294812,-0.0,-0.747075000615,0.475227963263,0.464798156611,0.0160352125027,Hx,-5.256305848672861e-12,4.161529347336523e-11,C:\csttmp\huy_sf_safe_hfield96_s\L1_short_dipole_x_1p2G_hfield96.cst,1D Results\Probes\H-Field\H-Field (0.137262 -0.0873146 4.3099)(X) [1],CST ResultTree 1D complex local Cartesian H-field probe,geometric_farthest_24,geometric_farthest,24,False,complex_cartesian_polynomial_on_sphere,3
L1_short_dipole_x_1p2G,1200000000,5,5,level1_local_sphere_r0p35,0.137261566981,-0.0873145733117,4.30989583333,0.392175905659,-0.249470209462,0.885416666667,0.536728052626,0.843755294812,-0.0,-0.747075000615,0.475227963263,0.464798156611,0.0160352125027,Hy,1.4896859477228687e-05,9.358302203212627e-06,C:\csttmp\huy_sf_safe_hfield96_s\L1_short_dipole_x_1p2G_hfield96.cst,1D Results\Probes\H-Field\H-Field (0.137262 -0.0873146 4.3099)(Y) [1],CST ResultTree 1D complex local Cartesian H-field probe,geometric_farthest_24,geometric_farthest,24,False,complex_cartesian_polynomial_on_sphere,3
L1_short_dipole_x_1p2G,1200000000,5,5,level1_local_sphere_r0p35,0.137261566981,-0.0873145733117,4.30989583333,0.392175905659,-0.249470209462,0.885416666667,0.536728052626,0.843755294812,-0.0,-0.747075000615,0.475227963263,0.464798156611,0.0160352125027,Hz,4.042835563651681e-06,2.187973679030923e-06,C:\csttmp\huy_sf_safe_hfield96_s\L1_short_dipole_x_1p2G_hfield96.cst,1D Results\Probes\H-Field\H-Field (0.137262 -0.0873146 4.3099)(Z) [1],CST ResultTree 1D complex local Cartesian H-field probe,geometric_farthest_24,geometric_farthest,24,False,complex_cartesian_polynomial_on_sphere,3
L1_short_dipole_x_1p2G,1200000000,6,6,level1_local_sphere_r0p35,-0.0456569496532,0.16984157696,4.30260416667,-0.130448427581,0.485261648458,0.864583333333,-0.965715074376,-0.259604304901,0.0,0.224449555279,-0.834941158054,0.5024894623,0.0160352125027,Hx,9.613278271259175e-12,-1.0874336969166151e-11,C:\csttmp\huy_sf_safe_hfield96_s\L1_short_dipole_x_1p2G_hfield96.cst,1D Results\Probes\H-Field\H-Field (-0.0456569 0.169842 4.3026)(X) [1],CST ResultTree 1D complex local Cartesian H-field probe,geometric_farthest_24,geometric_farthest,24,False,complex_cartesian_polynomial_on_sphere,3
L1_short_dipole_x_1p2G,1200000000,6,6,level1_local_sphere_r0p35,-0.0456569496532,0.16984157696,4.30260416667,-0.130448427581,0.485261648458,0.864583333333,-0.965715074376,-0.259604304901,0.0,0.224449555279,-0.834941158054,0.5024894623,0.0160352125027,Hy,1.4795983716443623e-05,8.712239871532014e-06,C:\csttmp\huy_sf_safe_hfield96_s\L1_short_dipole_x_1p2G_hfield96.cst,1D Results\Probes\H-Field\H-Field (-0.0456569 0.169842 4.3026)(Y) [1],CST ResultTree 1D complex local Cartesian H-field probe,geometric_farthest_24,geometric_farthest,24,False,complex_cartesian_polynomial_on_sphere,3
L1_short_dipole_x_1p2G,1200000000,6,6,level1_local_sphere_r0p35,-0.0456569496532,0.16984157696,4.30260416667,-0.130448427581,0.485261648458,0.864583333333,-0.965715074376,-0.259604304901,0.0,0.224449555279,-0.834941158054,0.5024894623,0.0160352125027,Hz,-8.05407441980193e-06,-4.557776765477295e-06,C:\csttmp\huy_sf_safe_hfield96_s\L1_short_dipole_x_1p2G_hfield96.cst,1D Results\Probes\H-Field\H-Field (-0.0456569 0.169842 4.3026)(Z) [1],CST ResultTree 1D complex local Cartesian H-field probe,geometric_farthest_24,geometric_farthest,24,False,complex_cartesian_polynomial_on_sphere,3
L1_short_dipole_x_1p2G,1200000000,7,7,level1_local_sphere_r0p35,-0.086584948168,-0.166714048882,4.2953125,-0.247385566194,-0.476325853947,0.84375,0.887448429245,-0.460907024713,0.0,0.388890302102,0.748784612176,0.536736376166,0.0160352125027,Hx,1.1523823664900001e-11,-1.8382086528030002e-11,C:\csttmp\huy_sf_safe_hfield96_s\L1_short_dipole_x_1p2G_hfield96.cst,1D Results\Probes\H-Field\H-Field (-0.0865849 -0.166714 4.29531)(X) [1],CST ResultTree 1D complex local Cartesian H-field probe,geometric_farthest_24,geometric_farthest,24,True,complex_cartesian_polynomial_on_sphere,3
L1_short_dipole_x_1p2G,1200000000,7,7,level1_local_sphere_r0p35,-0.086584948168,-0.166714048882,4.2953125,-0.247385566194,-0.476325853947,0.84375,0.887448429245,-0.460907024713,0.0,0.388890302102,0.748784612176,0.536736376166,0.0160352125027,Hy,1.502057515584e-05,8.230027966899e-06,C:\csttmp\huy_sf_safe_hfield96_s\L1_short_dipole_x_1p2G_hfield96.cst,1D Results\Probes\H-Field\H-Field (-0.0865849 -0.166714 4.29531)(Y) [1],CST ResultTree 1D complex local Cartesian H-field probe,geometric_farthest_24,geometric_farthest,24,True,complex_cartesian_polynomial_on_sphere,3
L1_short_dipole_x_1p2G,1200000000,7,7,level1_local_sphere_r0p35,-0.086584948168,-0.166714048882,4.2953125,-0.247385566194,-0.476325853947,0.84375,0.887448429245,-0.460907024713,0.0,0.388890302102,0.748784612176,0.536736376166,0.0160352125027,Hz,7.764244280228e-06,4.507470445809e-06,C:\csttmp\huy_sf_safe_hfield96_s\L1_short_dipole_x_1p2G_hfield96.cst,1D Results\Probes\H-Field\H-Field (-0.0865849 -0.166714 4.29531)(Z) [1],CST ResultTree 1D complex local Cartesian H-field probe,geometric_farthest_24,geometric_farthest,24,True,complex_cartesian_polynomial_on_sphere,3
L1_short_dipole_x_1p2G,1200000000,8,8,level1_local_sphere_r0p35,0.186790362587,0.0682155408303,4.28802083333,0.533686750247,0.194901545229,0.822916666667,-0.343038630874,0.939321296324,0.0,-0.7729831501,-0.282292206657,0.568162089304,0.0160352125027,Hx,-9.193731511007384e-12,5.119281259492583e-11,C:\csttmp\huy_sf_safe_hfield96_s\L1_short_dipole_x_1p2G_hfield96.cst,1D Results\Probes\H-Field\H-Field (0.18679 0.0682155 4.28802)(X) [1],CST ResultTree 1D complex local Cartesian H-field probe,geometric_farthest_24,geometric_farthest,24,False,complex_cartesian_polynomial_on_sphere,3
L1_short_dipole_x_1p2G,1200000000,8,8,level1_local_sphere_r0p35,0.186790362587,0.0682155408303,4.28802083333,0.533686750247,0.194901545229,0.822916666667,-0.343038630874,0.939321296324,0.0,-0.7729831501,-0.282292206657,0.568162089304,0.0160352125027,Hy,1.3776508073015578e-05,8.590904228500162e-06,C:\csttmp\huy_sf_safe_hfield96_s\L1_short_dipole_x_1p2G_hfield96.cst,1D Results\Probes\H-Field\H-Field (0.18679 0.0682155 4.28802)(Y) [1],CST ResultTree 1D complex local Cartesian H-field probe,geometric_farthest_24,geometric_farthest,24,False,complex_cartesian_polynomial_on_sphere,3
L1_short_dipole_x_1p2G,1200000000,8,8,level1_local_sphere_r0p35,0.186790362587,0.0682155408303,4.28802083333,0.533686750247,0.194901545229,0.822916666667,-0.343038630874,0.939321296324,0.0,-0.7729831501,-0.282292206657,0.568162089304,0.0160352125027,Hz,-3.06009927845764e-06,-1.8573125903334001e-06,C:\csttmp\huy_sf_safe_hfield96_s\L1_short_dipole_x_1p2G_hfield96.cst,1D Results\Probes\H-Field\H-Field (0.18679 0.0682155 4.28802)(Z) [1],CST ResultTree 1D complex local Cartesian H-field probe,geometric_farthest_24,geometric_farthest,24,False,complex_cartesian_polynomial_on_sphere,3
L1_short_dipole_x_1p2G,1200000000,9,9,level1_local_sphere_r0p35,-0.193210631957,0.0797545401925,4.28072916667,-0.552030377021,0.227870114836,0.802083333333,-0.381556408475,-0.924345556138,0.0,0.741402164819,-0.306040035964,0.597212128468,0.0160352125027,Hx,2.0282345448470002e-11,-4.6616872086090005e-11,C:\csttmp\huy_sf_safe_hfield96_s\L1_short_dipole_x_1p2G_hfield96.cst,1D Results\Probes\H-Field\H-Field (-0.193211 0.0797545 4.28073)(X) [1],CST ResultTree 1D complex local Cartesian H-field probe,geometric_farthest_24,geometric_farthest,24,True,complex_cartesian_polynomial_on_sphere,3
L1_short_dipole_x_1p2G,1200000000,9,9,level1_local_sphere_r0p35,-0.193210631957,0.0797545401925,4.28072916667,-0.552030377021,0.227870114836,0.802083333333,-0.381556408475,-0.924345556138,0.0,0.741402164819,-0.306040035964,0.597212128468,0.0160352125027,Hy,1.39130624699e-05,7.701612970892e-06,C:\csttmp\huy_sf_safe_hfield96_s\L1_short_dipole_x_1p2G_hfield96.cst,1D Results\Probes\H-Field\H-Field (-0.193211 0.0797545 4.28073)(Y) [1],CST ResultTree 1D complex local Cartesian H-field probe,geometric_farthest_24,geometric_farthest,24,True,complex_cartesian_polynomial_on_sphere,3
L1_short_dipole_x_1p2G,1200000000,9,9,level1_local_sphere_r0p35,-0.193210631957,0.0797545401925,4.28072916667,-0.552030377021,0.227870114836,0.802083333333,-0.381556408475,-0.924345556138,0.0,0.741402164819,-0.306040035964,0.597212128468,0.0160352125027,Hz,-4.281429945171e-06,-2.06415504524e-06,C:\csttmp\huy_sf_safe_hfield96_s\L1_short_dipole_x_1p2G_hfield96.cst,1D Results\Probes\H-Field\H-Field (-0.193211 0.0797545 4.28073)(Z) [1],CST ResultTree 1D complex local Cartesian H-field probe,geometric_farthest_24,geometric_farthest,24,True,complex_cartesian_polynomial_on_sphere,3
L1_short_dipole_x_1p2G,1200000000,10,10,level1_local_sphere_r0p35,0.0926003435022,-0.197881555424,4.2734375,0.264572410006,-0.56537587264,0.78125,0.905734272556,0.423845995048,-0.0,-0.331129683631,0.707604900434,0.624218261107,0.0160352125027,Hx,-2.471133983709e-13,2.4199798078290003e-11,C:\csttmp\huy_sf_safe_hfield96_s\L1_short_dipole_x_1p2G_hfield96.cst,1D Results\Probes\H-Field\H-Field (0.0926003 -0.197882 4.27344)(X) [1],CST ResultTree 1D complex local Cartesian H-field probe,geometric_farthest_24,geometric_farthest,24,True,complex_cartesian_polynomial_on_sphere,3
L1_short_dipole_x_1p2G,1200000000,10,10,level1_local_sphere_r0p35,0.0926003435022,-0.197881555424,4.2734375,0.264572410006,-0.56537587264,0.78125,0.905734272556,0.423845995048,-0.0,-0.331129683631,0.707604900434,0.624218261107,0.0160352125027,Hy,1.381649571302e-05,7.545993280424e-06,C:\csttmp\huy_sf_safe_hfield96_s\L1_short_dipole_x_1p2G_hfield96.cst,1D Results\Probes\H-Field\H-Field (0.0926003 -0.197882 4.27344)(Y) [1],CST ResultTree 1D complex local Cartesian H-field probe,geometric_farthest_24,geometric_farthest,24,True,complex_cartesian_polynomial_on_sphere,3
L1_short_dipole_x_1p2G,1200000000,10,10,level1_local_sphere_r0p35,0.0926003435022,-0.197881555424,4.2734375,0.264572410006,-0.56537587264,0.78125,0.905734272556,0.423845995048,-0.0,-0.331129683631,0.707604900434,0.624218261107,0.0160352125027,Hz,9.293779655606e-06,5.297382278301e-06,C:\csttmp\huy_sf_safe_hfield96_s\L1_short_dipole_x_1p2G_hfield96.cst,1D Results\Probes\H-Field\H-Field (0.0926003 -0.197882 4.27344)(Z) [1],CST ResultTree 1D complex local Cartesian H-field probe,geometric_farthest_24,geometric_farthest,24,True,complex_cartesian_polynomial_on_sphere,3
L1_short_dipole_x_1p2G,1200000000,11,11,level1_local_sphere_r0p35,0.0680279501191,0.216883824666,4.26614583333,0.194365571769,0.619668070475,0.760416666667,-0.954164120308,0.299283864445,0.0,-0.227580438588,-0.725562299817,0.649435518782,0.0160352125027,Hx,4.2558325226729994e-13,1.7927348658080003e-11,C:\csttmp\huy_sf_safe_hfield96_s\L1_short_dipole_x_1p2G_hfield96.cst,1D Results\Probes\H-Field\H-Field (0.068028 0.216884 4.26615)(X) [1],CST ResultTree 1D complex local Cartesian H-field probe,geometric_farthest_24,geometric_farthest,24,True,complex_cartesian_polynomial_on_sphere,3
L1_short_dipole_x_1p2G,1200000000,11,11,level1_local_sphere_r0p35,0.0680279501191,0.216883824666,4.26614583333,0.194365571769,0.619668070475,0.760416666667,-0.954164120308,0.299283864445,0.0,-0.227580438588,-0.725562299817,0.649435518782,0.0160352125027,Hy,1.343182838025e-05,7.204714884429e-06,C:\csttmp\huy_sf_safe_hfield96_s\L1_short_dipole_x_1p2G_hfield96.cst,1D Results\Probes\H-Field\H-Field (0.068028 0.216884 4.26615)(Y) [1],CST ResultTree 1D complex local Cartesian H-field probe,geometric_farthest_24,geometric_farthest,24,True,complex_cartesian_polynomial_on_sphere,3
L1_short_dipole_x_1p2G,1200000000,11,11,level1_local_sphere_r0p35,0.0680279501191,0.216883824666,4.26614583333,0.194365571769,0.619668070475,0.760416666667,-0.954164120308,0.299283864445,0.0,-0.227580438588,-0.725562299817,0.649435518782,0.0160352125027,Hz,-1.024611656778e-05,-5.78727189979e-06,C:\csttmp\huy_sf_safe_hfield96_s\L1_short_dipole_x_1p2G_hfield96.cst,1D Results\Probes\H-Field\H-Field (0.068028 0.216884 4.26615)(Z) [1],CST ResultTree 1D complex local Cartesian H-field probe,geometric_farthest_24,geometric_farthest,24,True,complex_cartesian_polynomial_on_sphere,3
L1_short_dipole_x_1p2G,1200000000,12,12,level1_local_sphere_r0p35,-0.203820183749,-0.118117962629,4.25885416667,-0.582343382141,-0.337479893227,0.739583333333,0.501407581232,-0.865211209753,0.0,0.639895790547,0.370832690286,0.673064999131,0.0160352125027,Hx,1.7702206756495223e-11,-4.540388751432455e-11,C:\csttmp\huy_sf_safe_hfield96_s\L1_short_dipole_x_1p2G_hfield96.cst,1D Results\Probes\H-Field\H-Field (-0.20382 -0.118118 4.25885)(X) [1],CST ResultTree 1D complex local Cartesian H-field probe,geometric_farthest_24,geometric_farthest,24,False,complex_cartesian_polynomial_on_sphere,3
L1_short_dipole_x_1p2G,1200000000,12,12,level1_local_sphere_r0p35,-0.203820183749,-0.118117962629,4.25885416667,-0.582343382141,-0.337479893227,0.739583333333,0.501407581232,-0.865211209753,0.0,0.639895790547,0.370832690286,0.673064999131,0.0160352125027,Hy,1.3175506631581355e-05,7.27229976922134e-06,C:\csttmp\huy_sf_safe_hfield96_s\L1_short_dipole_x_1p2G_hfield96.cst,1D Results\Probes\H-Field\H-Field (-0.20382 -0.118118 4.25885)(Y) [1],CST ResultTree 1D complex local Cartesian H-field probe,geometric_farthest_24,geometric_farthest,24,False,complex_cartesian_polynomial_on_sphere,3
L1_short_dipole_x_1p2G,1200000000,12,12,level1_local_sphere_r0p35,-0.203820183749,-0.118117962629,4.25885416667,-0.582343382141,-0.337479893227,0.739583333333,0.501407581232,-0.865211209753,0.0,0.639895790547,0.370832690286,0.673064999131,0.0160352125027,Hz,5.272701700583889e-06,3.075951877456338e-06,C:\csttmp\huy_sf_safe_hfield96_s\L1_short_dipole_x_1p2G_hfield96.cst,1D Results\Probes\H-Field\H-Field (-0.20382 -0.118118 4.25885)(Z) [1],CST ResultTree 1D complex local Cartesian H-field probe,geometric_farthest_24,geometric_farthest,24,False,complex_cartesian_polynomial_on_sphere,3
L1_short_dipole_x_1p2G,1200000000,13,13,level1_local_sphere_r0p35,0.237668202016,-0.0522506875014,4.2515625,0.679052005759,-0.149287678576,0.71875,0.214719429041,0.976675773628,-0.0,-0.701985712295,0.154329589623,0.695268608165,0.0160352125027,Hx,-1.0305573067612029e-11,5.3566065693707976e-11,C:\csttmp\huy_sf_safe_hfield96_s\L1_short_dipole_x_1p2G_hfield96.cst,1D Results\Probes\H-Field\H-Field (0.237668 -0.0522507 4.25156)(X) [1],CST ResultTree 1D complex local Cartesian H-field probe,geometric_farthest_24,geometric_farthest,24,False,complex_cartesian_polynomial_on_sphere,3
L1_short_dipole_x_1p2G,1200000000,13,13,level1_local_sphere_r0p35,0.237668202016,-0.0522506875014,4.2515625,0.679052005759,-0.149287678576,0.71875,0.214719429041,0.976675773628,-0.0,-0.701985712295,0.154329589623,0.695268608165,0.0160352125027,Hy,1.1888300192452902e-05,7.422741673397783e-06,C:\csttmp\huy_sf_safe_hfield96_s\L1_short_dipole_x_1p2G_hfield96.cst,1D Results\Probes\H-Field\H-Field (0.237668 -0.0522507 4.25156)(Y) [1],CST ResultTree 1D complex local Cartesian H-field probe,geometric_farthest_24,geometric_farthest,24,False,complex_cartesian_polynomial_on_sphere,3
L1_short_dipole_x_1p2G,1200000000,13,13,level1_local_sphere_r0p35,0.237668202016,-0.0522506875014,4.2515625,0.679052005759,-0.149287678576,0.71875,0.214719429041,0.976675773628,-0.0,-0.701985712295,0.154329589623,0.695268608165,0.0160352125027,Hz,2.295151398496378e-06,1.186112740287536e-06,C:\csttmp\huy_sf_safe_hfield96_s\L1_short_dipole_x_1p2G_hfield96.cst,1D Results\Probes\H-Field\H-Field (0.237668 -0.0522507 4.25156)(Z) [1],CST ResultTree 1D complex local Cartesian H-field probe,geometric_farthest_24,geometric_farthest,24,False,complex_cartesian_polynomial_on_sphere,3
L1_short_dipole_x_1p2G,1200000000,14,14,level1_local_sphere_r0p35,-0.144163462072,0.205057689897,4.24427083333,-0.41189560592,0.585879113993,0.697916666667,-0.81806243022,-0.57512942914,0.0,0.401392414087,-0.570939404424,0.716178976506,0.0160352125027,Hx,1.49595978541579e-11,-3.1468545011680704e-11,C:\csttmp\huy_sf_safe_hfield96_s\L1_short_dipole_x_1p2G_hfield96.cst,1D Results\Probes\H-Field\H-Field (-0.144163 0.205058 4.24427)(X) [1],CST ResultTree 1D complex local Cartesian H-field probe,geometric_farthest_24,geometric_farthest,24,False,complex_cartesian_polynomial_on_sphere,3
L1_short_dipole_x_1p2G,1200000000,14,14,level1_local_sphere_r0p35,-0.144163462072,0.205057689897,4.24427083333,-0.41189560592,0.585879113993,0.697916666667,-0.81806243022,-0.57512942914,0.0,0.401392414087,-0.570939404424,0.716178976506,0.0160352125027,Hy,1.1801647732593838e-05,6.715736886130887e-06,C:\csttmp\huy_sf_safe_hfield96_s\L1_short_dipole_x_1p2G_hfield96.cst,1D Results\Probes\H-Field\H-Field (-0.144163 0.205058 4.24427)(Y) [1],CST ResultTree 1D complex local Cartesian H-field probe,geometric_farthest_24,geometric_farthest,24,False,complex_cartesian_polynomial_on_sphere,3
L1_short_dipole_x_1p2G,1200000000,14,14,level1_local_sphere_r0p35,-0.144163462072,0.205057689897,4.24427083333,-0.41189560592,0.585879113993,0.697916666667,-0.81806243022,-0.57512942914,0.0,0.401392414087,-0.570939404424,0.716178976506,0.0160352125027,Hz,-1.0010810574746657e-05,-5.446023452280267e-06,C:\csttmp\huy_sf_safe_hfield96_s\L1_short_dipole_x_1p2G_hfield96.cst,1D Results\Probes\H-Field\H-Field (-0.144163 0.205058 4.24427)(Z) [1],CST ResultTree 1D complex local Cartesian H-field probe,geometric_farthest_24,geometric_farthest,24,False,complex_cartesian_polynomial_on_sphere,3
L1_short_dipole_x_1p2G,1200000000,15,15,level1_local_sphere_r0p35,-0.0331001415477,-0.255431507836,4.23697916667,-0.0945718329936,-0.729804308104,0.677083333333,0.991708123697,-0.128510689799,0.0,0.0870124462181,0.671469042087,0.735906352549,0.0160352125027,Hx,6.148202039938742e-12,-3.6714807215805965e-12,C:\csttmp\huy_sf_safe_hfield96_s\L1_short_dipole_x_1p2G_hfield96.cst,1D Results\Probes\H-Field\H-Field (-0.0331001 -0.255432 4.23698)(X) [1],CST ResultTree 1D complex local Cartesian H-field probe,geometric_farthest_24,geometric_farthest,24,False,complex_cartesian_polynomial_on_sphere,3
L1_short_dipole_x_1p2G,1200000000,15,15,level1_local_sphere_r0p35,-0.0331001415477,-0.255431507836,4.23697916667,-0.0945718329936,-0.729804308104,0.677083333333,0.991708123697,-0.128510689799,0.0,0.0870124462181,0.671469042087,0.735906352549,0.0160352125027,Hy,1.1869958172645537e-05,6.556801516381555e-06,C:\csttmp\huy_sf_safe_hfield96_s\L1_short_dipole_x_1p2G_hfield96.cst,1D Results\Probes\H-Field\H-Field (-0.0331001 -0.255432 4.23698)(Y) [1],CST ResultTree 1D complex local Cartesian H-field probe,geometric_farthest_24,geometric_farthest,24,False,complex_cartesian_polynomial_on_sphere,3
L1_short_dipole_x_1p2G,1200000000,15,15,level1_local_sphere_r0p35,-0.0331001415477,-0.255431507836,4.23697916667,-0.0945718329936,-0.729804308104,0.677083333333,0.991708123697,-0.128510689799,0.0,0.0870124462181,0.671469042087,0.735906352549,0.0160352125027,Hz,1.2511799740528473e-05,7.153557453498404e-06,C:\csttmp\huy_sf_safe_hfield96_s\L1_short_dipole_x_1p2G_hfield96.cst,1D Results\Probes\H-Field\H-Field (-0.0331001 -0.255432 4.23698)(Z) [1],CST ResultTree 1D complex local Cartesian H-field probe,geometric_farthest_24,geometric_farthest,24,False,complex_cartesian_polynomial_on_sphere,3
L1_short_dipole_x_1p2G,1200000000,16,16,level1_local_sphere_r0p35,0.201936333078,0.170192155303,4.2296875,0.576960951652,0.486263300866,0.65625,-0.644446982884,0.764648995456,0.0,-0.501800903268,-0.422918332518,0.754543529228,0.0160352125027,Hx,-8.511771334729157e-12,4.428274658330817e-11,C:\csttmp\huy_sf_safe_hfield96_s\L1_short_dipole_x_1p2G_hfield96.cst,1D Results\Probes\H-Field\H-Field (0.201936 0.170192 4.22969)(X) [1],CST ResultTree 1D complex local Cartesian H-field probe,geometric_farthest_24,geometric_farthest,24,False,complex_cartesian_polynomial_on_sphere,3
L1_short_dipole_x_1p2G,1200000000,16,16,level1_local_sphere_r0p35,0.201936333078,0.170192155303,4.2296875,0.576960951652,0.486263300866,0.65625,-0.644446982884,0.764648995456,0.0,-0.501800903268,-0.422918332518,0.754543529228,0.0160352125027,Hy,1.1210256556635751e-05,6.5130968608179115e-06,C:\csttmp\huy_sf_safe_hfield96_s\L1_short_dipole_x_1p2G_hfield96.cst,1D Results\Probes\H-Field\H-Field (0.201936 0.170192 4.22969)(Y) [1],CST ResultTree 1D complex local Cartesian H-field probe,geometric_farthest_24,geometric_farthest,24,False,complex_cartesian_polynomial_on_sphere,3
L1_short_dipole_x_1p2G,1200000000,16,16,level1_local_sphere_r0p35,0.201936333078,0.170192155303,4.2296875,0.576960951652,0.486263300866,0.65625,-0.644446982884,0.764648995456,0.0,-0.501800903268,-0.422918332518,0.754543529228,0.0160352125027,Hz,-7.852240857458707e-06,-4.393897499686822e-06,C:\csttmp\huy_sf_safe_hfield96_s\L1_short_dipole_x_1p2G_hfield96.cst,1D Results\Probes\H-Field\H-Field (0.201936 0.170192 4.22969)(Z) [1],CST ResultTree 1D complex local Cartesian H-field probe,geometric_farthest_24,geometric_farthest,24,False,complex_cartesian_polynomial_on_sphere,3
L1_short_dipole_x_1p2G,1200000000,17,17,level1_local_sphere_r0p35,-0.270028520695,0.0111665270975,4.22239583333,-0.771510059128,0.0319043631356,0.635416666667,-0.0413178261974,-0.999146054007,0.0,0.63487405515,-0.0262540353962,0.772169450135,0.0160352125027,Hx,1.98049163603458e-11,-5.1350559226986466e-11,C:\csttmp\huy_sf_safe_hfield96_s\L1_short_dipole_x_1p2G_hfield96.cst,1D Results\Probes\H-Field\H-Field (-0.270029 0.0111665 4.2224)(X) [1],CST ResultTree 1D complex local Cartesian H-field probe,geometric_farthest_24,geometric_farthest,24,False,complex_cartesian_polynomial_on_sphere,3
L1_short_dipole_x_1p2G,1200000000,17,17,level1_local_sphere_r0p35,-0.270028520695,0.0111665270975,4.22239583333,-0.771510059128,0.0319043631356,0.635416666667,-0.0413178261974,-0.999146054007,0.0,0.63487405515,-0.0262540353962,0.772169450135,0.0160352125027,Hy,1.1200361287381879e-05,6.0532029542341346e-06,C:\csttmp\huy_sf_safe_hfield96_s\L1_short_dipole_x_1p2G_hfield96.cst,1D Results\Probes\H-Field\H-Field (-0.270029 0.0111665 4.2224)(Y) [1],CST ResultTree 1D complex local Cartesian H-field probe,geometric_farthest_24,geometric_farthest,24,False,complex_cartesian_polynomial_on_sphere,3
L1_short_dipole_x_1p2G,1200000000,17,17,level1_local_sphere_r0p35,-0.270028520695,0.0111665270975,4.22239583333,-0.771510059128,0.0319043631356,0.635416666667,-0.0413178261974,-0.999146054007,0.0,0.63487405515,-0.0262540353962,0.772169450135,0.0160352125027,Hz,-7.879547446421777e-07,-2.567348144903139e-07,C:\csttmp\huy_sf_safe_hfield96_s\L1_short_dipole_x_1p2G_hfield96.cst,1D Results\Probes\H-Field\H-Field (-0.270029 0.0111665 4.2224)(Z) [1],CST ResultTree 1D complex local Cartesian H-field probe,geometric_farthest_24,geometric_farthest,24,False,complex_cartesian_polynomial_on_sphere,3
L1_short_dipole_x_1p2G,1200000000,18,18,level1_local_sphere_r0p35,0.195706501571,-0.194754108366,4.21510416667,0.55916143306,-0.556440309618,0.614583333333,0.705379941179,0.708829414303,-0.0,-0.435634744207,0.433514755517,0.788851903965,0.0160352125027,Hx,-5.907257843032374e-12,3.887967645994412e-11,C:\csttmp\huy_sf_safe_hfield96_s\L1_short_dipole_x_1p2G_hfield96.cst,1D Results\Probes\H-Field\H-Field (0.195707 -0.194754 4.2151)(X) [1],CST ResultTree 1D complex local Cartesian H-field probe,geometric_farthest_24,geometric_farthest,24,False,complex_cartesian_polynomial_on_sphere,3
L1_short_dipole_x_1p2G,1200000000,18,18,level1_local_sphere_r0p35,0.195706501571,-0.194754108366,4.21510416667,0.55916143306,-0.556440309618,0.614583333333,0.705379941179,0.708829414303,-0.0,-0.435634744207,0.433514755517,0.788851903965,0.0160352125027,Hy,1.0482457327039125e-05,6.0494794057155844e-06,C:\csttmp\huy_sf_safe_hfield96_s\L1_short_dipole_x_1p2G_hfield96.cst,1D Results\Probes\H-Field\H-Field (0.195707 -0.194754 4.2151)(Y) [1],CST ResultTree 1D complex local Cartesian H-field probe,geometric_farthest_24,geometric_farthest,24,False,complex_cartesian_polynomial_on_sphere,3
L1_short_dipole_x_1p2G,1200000000,18,18,level1_local_sphere_r0p35,0.195706501571,-0.194754108366,4.21510416667,0.55916143306,-0.556440309618,0.614583333333,0.705379941179,0.708829414303,-0.0,-0.435634744207,0.433514755517,0.788851903965,0.0160352125027,Hz,9.225743284131083e-06,5.126865603989333e-06,C:\csttmp\huy_sf_safe_hfield96_s\L1_short_dipole_x_1p2G_hfield96.cst,1D Results\Probes\H-Field\H-Field (0.195707 -0.194754 4.2151)(Z) [1],CST ResultTree 1D complex local Cartesian H-field probe,geometric_farthest_24,geometric_farthest,24,False,complex_cartesian_polynomial_on_sphere,3
L1_short_dipole_x_1p2G,1200000000,19,19,level1_local_sphere_r0p35,-0.0130087745601,0.281326743535,4.2078125,-0.0371679273145,0.803790695815,0.59375,-0.998932605495,-0.0461914459404,0.0,0.0274261710271,-0.593116234513,0.804649574349,0.0160352125027,Hx,4.674082290412446e-12,-6.574390800068834e-13,C:\csttmp\huy_sf_safe_hfield96_s\L1_short_dipole_x_1p2G_hfield96.cst,1D Results\Probes\H-Field\H-Field (-0.0130088 0.281327 4.20781)(X) [1],CST ResultTree 1D complex local Cartesian H-field probe,geometric_farthest_24,geometric_farthest,24,False,complex_cartesian_polynomial_on_sphere,3
L1_short_dipole_x_1p2G,1200000000,19,19,level1_local_sphere_r0p35,-0.0130087745601,0.281326743535,4.2078125,-0.0371679273145,0.803790695815,0.59375,-0.998932605495,-0.0461914459404,0.0,0.0274261710271,-0.593116234513,0.804649574349,0.0160352125027,Hy,1.0260553319857838e-05,5.652326089847753e-06,C:\csttmp\huy_sf_safe_hfield96_s\L1_short_dipole_x_1p2G_hfield96.cst,1D Results\Probes\H-Field\H-Field (-0.0130088 0.281327 4.20781)(Y) [1],CST ResultTree 1D complex local Cartesian H-field probe,geometric_farthest_24,geometric_farthest,24,False,complex_cartesian_polynomial_on_sphere,3
L1_short_dipole_x_1p2G,1200000000,19,19,level1_local_sphere_r0p35,-0.0130087745601,0.281326743535,4.2078125,-0.0371679273145,0.803790695815,0.59375,-0.998932605495,-0.0461914459404,0.0,0.0274261710271,-0.593116234513,0.804649574349,0.0160352125027,Hz,-1.3798291318156287e-05,-7.670361111819339e-06,C:\csttmp\huy_sf_safe_hfield96_s\L1_short_dipole_x_1p2G_hfield96.cst,1D Results\Probes\H-Field\H-Field (-0.0130088 0.281327 4.20781)(Z) [1],CST ResultTree 1D complex local Cartesian H-field probe,geometric_farthest_24,geometric_farthest,24,False,complex_cartesian_polynomial_on_sphere,3
L1_short_dipole_x_1p2G,1200000000,20,20,level1_local_sphere_r0p35,-0.183796880538,-0.220250089907,4.20052083333,-0.525133944394,-0.629285971162,0.572916666667,0.767783688001,-0.640709144964,0.0,0.367072947635,0.43987607125,0.81961362425,0.0160352125027,Hx,1.2246692382704088e-11,-3.149431801856963e-11,C:\csttmp\huy_sf_safe_hfield96_s\L1_short_dipole_x_1p2G_hfield96.cst,1D Results\Probes\H-Field\H-Field (-0.183797 -0.22025 4.20052)(X) [1],CST ResultTree 1D complex local Cartesian H-field probe,geometric_farthest_24,geometric_farthest,24,False,complex_cartesian_polynomial_on_sphere,3
L1_short_dipole_x_1p2G,1200000000,20,20,level1_local_sphere_r0p35,-0.183796880538,-0.220250089907,4.20052083333,-0.525133944394,-0.629285971162,0.572916666667,0.767783688001,-0.640709144964,0.0,0.367072947635,0.43987607125,0.81961362425,0.0160352125027,Hy,1.0230595821288116e-05,5.46885639442813e-06,C:\csttmp\huy_sf_safe_hfield96_s\L1_short_dipole_x_1p2G_hfield96.cst,1D Results\Probes\H-Field\H-Field (-0.183797 -0.22025 4.20052)(Y) [1],CST ResultTree 1D complex local Cartesian H-field probe,geometric_farthest_24,geometric_farthest,24,False,complex_cartesian_polynomial_on_sphere,3
L1_short_dipole_x_1p2G,1200000000,20,20,level1_local_sphere_r0p35,-0.183796880538,-0.220250089907,4.20052083333,-0.525133944394,-0.629285971162,0.572916666667,0.767783688001,-0.640709144964,0.0,0.367072947635,0.43987607125,0.81961362425,0.0160352125027,Hz,1.0531523382288726e-05,5.915701336829598e-06,C:\csttmp\huy_sf_safe_hfield96_s\L1_short_dipole_x_1p2G_hfield96.cst,1D Results\Probes\H-Field\H-Field (-0.183797 -0.22025 4.20052)(Z) [1],CST ResultTree 1D complex local Cartesian H-field probe,geometric_farthest_24,geometric_farthest,24,False,complex_cartesian_polynomial_on_sphere,3
L1_short_dipole_x_1p2G,1200000000,21,21,level1_local_sphere_r0p35,0.289219949579,0.0389141351564,4.19322916667,0.826342713082,0.111183243304,0.552083333333,-0.13334698776,0.991069412733,0.0,-0.547152904946,-0.0736186494927,0.833788937955,0.0160352125027,Hx,-1.00398681869e-11,5.0289630699430006e-11,C:\csttmp\huy_sf_safe_hfield96_s\L1_short_dipole_x_1p2G_hfield96.cst,1D Results\Probes\H-Field\H-Field (0.28922 0.0389141 4.19323)(X) [1],CST ResultTree 1D complex local Cartesian H-field probe,geometric_farthest_24,geometric_farthest,24,True,complex_cartesian_polynomial_on_sphere,3
L1_short_dipole_x_1p2G,1200000000,21,21,level1_local_sphere_r0p35,0.289219949579,0.0389141351564,4.19322916667,0.826342713082,0.111183243304,0.552083333333,-0.13334698776,0.991069412733,0.0,-0.547152904946,-0.0736186494927,0.833788937955,0.0160352125027,Hy,9.180168202725e-06,5.321731936659e-06,C:\csttmp\huy_sf_safe_hfield96_s\L1_short_dipole_x_1p2G_hfield96.cst,1D Results\Probes\H-Field\H-Field (0.28922 0.0389141 4.19323)(Y) [1],CST ResultTree 1D complex local Cartesian H-field probe,geometric_farthest_24,geometric_farthest,24,True,complex_cartesian_polynomial_on_sphere,3
L1_short_dipole_x_1p2G,1200000000,21,21,level1_local_sphere_r0p35,0.289219949579,0.0389141351564,4.19322916667,0.826342713082,0.111183243304,0.552083333333,-0.13334698776,0.991069412733,0.0,-0.547152904946,-0.0736186494927,0.833788937955,0.0160352125027,Hz,-2.114239714187e-06,-1.081638266773e-06,C:\csttmp\huy_sf_safe_hfield96_s\L1_short_dipole_x_1p2G_hfield96.cst,1D Results\Probes\H-Field\H-Field (0.28922 0.0389141 4.19323)(Z) [1],CST ResultTree 1D complex local Cartesian H-field probe,geometric_farthest_24,geometric_farthest,24,True,complex_cartesian_polynomial_on_sphere,3
L1_short_dipole_x_1p2G,1200000000,22,22,level1_local_sphere_r0p35,-0.24340525432,0.169355036132,4.1859375,-0.69544358377,0.483871531806,0.53125,-0.571131850481,-0.820858336966,0.0,0.436080991513,-0.303413795568,0.847215106983,0.0160352125027,Hx,1.6535175845573263e-11,-3.961829237419178e-11,C:\csttmp\huy_sf_safe_hfield96_s\L1_short_dipole_x_1p2G_hfield96.cst,1D Results\Probes\H-Field\H-Field (-0.243405 0.169355 4.18594)(X) [1],CST ResultTree 1D complex local Cartesian H-field probe,geometric_farthest_24,geometric_farthest,24,False,complex_cartesian_polynomial_on_sphere,3
L1_short_dipole_x_1p2G,1200000000,22,22,level1_local_sphere_r0p35,-0.24340525432,0.169355036132,4.1859375,-0.69544358377,0.483871531806,0.53125,-0.571131850481,-0.820858336966,0.0,0.436080991513,-0.303413795568,0.847215106983,0.0160352125027,Hy,8.88065814959768e-06,4.945078031150305e-06,C:\csttmp\huy_sf_safe_hfield96_s\L1_short_dipole_x_1p2G_hfield96.cst,1D Results\Probes\H-Field\H-Field (-0.243405 0.169355 4.18594)(Y) [1],CST ResultTree 1D complex local Cartesian H-field probe,geometric_farthest_24,geometric_farthest,24,False,complex_cartesian_polynomial_on_sphere,3
